		Experiment ID: 1207181144D2
Time-Interval(Hour)	Time-Interval	Y (A3)	Y (A4)	Y (B3)	Y (B4)	Y (C3)	Y (C4)	Y (D3)	Y (D4)	Y (E3)	Y (E4)	Y (F3)	Y (F4)	Y (G3)	Y (G4)	Y (H3)	Y (H4)
0.0000	00:00:00	0.0000	0.0000	0.0000	0.0000	0.0000	0.0000	0.0000	0.0000	0.0000	0.0000	0.0000	0.0000	0.0000	0.0000	0.0000	0.0000
0.0011	00:00:04	-0.0012	0.0004	0.0011	0.0020	0.0016	-0.0033	0.0006	-0.0011	-0.0023	0.0029	-0.0002	-0.0008	0.0023	-0.0018	-0.0035	0.0004
0.4144	00:24:52	0.2056	0.2133	0.2135	0.2024	0.1875	0.1821	0.1869	0.2033	0.2026	0.2013	0.2042	0.2056	0.2017	0.2103	0.1940	0.2129
0.4647	00:27:53	0.2676	0.2685	0.2768	0.2682	0.2549	0.2495	0.2601	0.2733	0.2729	0.2737	0.2740	0.2753	0.2676	0.2749	0.2528	0.2737
0.5153	00:30:55	0.2687	0.2577	0.3210	0.3169	0.3145	0.2977	0.3209	0.3381	0.3268	0.3309	0.3340	0.3262	0.3087	0.3216	0.2432	0.2603
0.5658	00:33:57	0.1970	0.1908	0.3149	0.3063	0.3234	0.3083	0.3329	0.3494	0.3433	0.3392	0.3377	0.3301	0.2935	0.2883	0.1780	0.2077
0.6164	00:36:59	0.1691	0.1684	0.2771	0.2670	0.3052	0.2907	0.3214	0.3326	0.3238	0.3285	0.3166	0.3099	0.2584	0.2487	0.1571	0.1935
0.6669	00:40:01	0.1566	0.1638	0.2541	0.2514	0.2966	0.2769	0.3120	0.3295	0.3162	0.3256	0.3046	0.2919	0.2370	0.2355	0.1524	0.1947
0.7175	00:43:03	0.1512	0.1606	0.2552	0.2523	0.3037	0.2766	0.3201	0.3411	0.3231	0.3335	0.3070	0.2922	0.2323	0.2417	0.1561	0.1973
0.7681	00:46:05	0.1472	0.1648	0.2678	0.2666	0.3108	0.2914	0.3340	0.3595	0.3370	0.3448	0.3152	0.3074	0.2404	0.2574	0.1586	0.2015
0.8186	00:49:07	0.1492	0.1670	0.2752	0.2838	0.3268	0.3015	0.3463	0.3758	0.3478	0.3652	0.3317	0.3234	0.2475	0.2709	0.1612	0.2040
0.8692	00:52:09	0.1528	0.1740	0.2876	0.2983	0.3389	0.3124	0.3603	0.3955	0.3631	0.3785	0.3459	0.3378	0.2607	0.2854	0.1665	0.2092
0.9197	00:55:11	0.1613	0.1822	0.3035	0.3127	0.3510	0.3237	0.3767	0.4144	0.3778	0.3922	0.3557	0.3550	0.2737	0.2989	0.1729	0.2207
0.9703	00:58:13	0.1790	0.1958	0.3154	0.3234	0.3622	0.3328	0.3874	0.4107	0.3913	0.4043	0.3679	0.3672	0.2820	0.3128	0.1880	0.2342
1.0208	01:01:15	0.1994	0.2094	0.3224	0.3340	0.3716	0.3362	0.3955	0.4181	0.3971	0.4171	0.3778	0.3766	0.2926	0.3187	0.2050	0.2473
1.0714	01:04:17	0.2138	0.2266	0.3282	0.3386	0.3677	0.3387	0.4015	0.4256	0.4052	0.4185	0.3744	0.3846	0.2997	0.3255	0.2192	0.2595
1.1219	01:07:19	0.2312	0.2384	0.3213	0.3398	0.3629	0.3315	0.3961	0.4231	0.4005	0.4198	0.3715	0.3849	0.3045	0.3193	0.2369	0.2679
1.1725	01:10:21	0.2486	0.2504	0.3183	0.3380	0.3568	0.3313	0.3893	0.4139	0.3950	0.4126	0.3650	0.3838	0.3030	0.3160	0.2506	0.2755
1.2231	01:13:23	0.2598	0.2623	0.3176	0.3297	0.3505	0.3306	0.3869	0.4091	0.3900	0.4018	0.3576	0.3829	0.2988	0.3133	0.2596	0.2713
1.2736	01:16:25	0.2693	0.2708	0.3138	0.3237	0.3498	0.3207	0.3820	0.4012	0.3833	0.4020	0.3574	0.3773	0.2980	0.3085	0.2713	0.2697
1.3242	01:19:27	0.2770	0.2771	0.3099	0.3231	0.3437	0.3179	0.3767	0.3946	0.3784	0.3965	0.3520	0.3782	0.2937	0.3049	0.2813	0.2685
1.3747	01:22:29	0.2841	0.2755	0.3105	0.3212	0.3369	0.3176	0.3735	0.3919	0.3765	0.3885	0.3430	0.3759	0.2923	0.3026	0.2854	0.2704
1.4253	01:25:31	0.2802	0.2733	0.3073	0.3186	0.3350	0.3147	0.3696	0.3880	0.3733	0.3838	0.3382	0.3701	0.2884	0.2978	0.2851	0.2682
1.4758	01:28:33	0.2792	0.2713	0.3026	0.3159	0.3310	0.3127	0.3632	0.3816	0.3667	0.3791	0.3366	0.3665	0.2848	0.2925	0.2819	0.2660
1.5264	01:31:35	0.2756	0.2716	0.3005	0.3113	0.3267	0.3075	0.3611	0.3781	0.3617	0.3726	0.3294	0.3607	0.2807	0.2950	0.2791	0.2626
1.5769	01:34:37	0.2766	0.2708	0.2968	0.3082	0.3211	0.3043	0.3583	0.3724	0.3577	0.3654	0.3261	0.3600	0.2774	0.2902	0.2772	0.2592
1.6275	01:37:39	0.2708	0.2689	0.2931	0.3074	0.3168	0.3017	0.3547	0.3691	0.3546	0.3629	0.3215	0.3551	0.2756	0.2894	0.2759	0.2503
1.6781	01:40:41	0.2701	0.2655	0.2923	0.3040	0.3186	0.2994	0.3499	0.3629	0.3513	0.3557	0.3167	0.3511	0.2719	0.2872	0.2735	0.2484
1.8781	01:52:41	0.3331	0.2949	0.3069	0.3133	0.3010	0.2791	0.3078	0.3136	0.2848	0.2857	0.2650	0.2993	0.2256	0.2553	0.2703	0.2435
1.9281	01:55:41	0.3361	0.2887	0.3127	0.3283	0.3174	0.2946	0.3248	0.3358	0.3026	0.3125	0.2842	0.3166	0.2425	0.2715	0.2800	0.2487
1.9786	01:58:43	0.3217	0.2807	0.3117	0.3286	0.3207	0.2988	0.3354	0.3458	0.3101	0.3226	0.2867	0.3249	0.2500	0.2815	0.2692	0.2377
2.0292	02:01:45	0.3009	0.2666	0.2997	0.3229	0.3134	0.2943	0.3386	0.3452	0.3143	0.3304	0.2922	0.3245	0.2480	0.2757	0.2579	0.2234
2.0797	02:04:47	0.2895	0.2642	0.2832	0.3092	0.2995	0.2878	0.3378	0.3379	0.3139	0.3206	0.2896	0.3140	0.2359	0.2646	0.2598	0.2216
2.1303	02:07:49	0.2791	0.2604	0.2732	0.3037	0.2911	0.2815	0.3324	0.3299	0.3046	0.3122	0.2839	0.3051	0.2308	0.2564	0.2642	0.2134
2.1808	02:10:51	0.2732	0.2626	0.2682	0.2983	0.2834	0.2802	0.3294	0.3296	0.3050	0.3025	0.2752	0.2995	0.2286	0.2507	0.2670	0.2094
2.2314	02:13:53	0.2675	0.2643	0.2630	0.3000	0.2821	0.2778	0.3262	0.3236	0.3024	0.2998	0.2745	0.2940	0.2258	0.2420	0.2767	0.2030
2.2819	02:16:55	0.2642	0.2689	0.2604	0.3022	0.2777	0.2778	0.3282	0.3245	0.3034	0.2938	0.2729	0.2880	0.2251	0.2387	0.2853	0.1968
2.3325	02:19:57	0.2641	0.2707	0.2614	0.3031	0.2765	0.2767	0.3317	0.3252	0.3041	0.2873	0.2679	0.2837	0.2229	0.2354	0.2913	0.1922
2.3831	02:22:59	0.2654	0.2712	0.2608	0.3102	0.2768	0.2778	0.3286	0.3227	0.3028	0.2876	0.2690	0.2816	0.2207	0.2309	0.2994	0.1866
2.4336	02:26:01	0.2696	0.2699	0.2675	0.3127	0.2818	0.2780	0.3295	0.3221	0.3016	0.2838	0.2686	0.2801	0.2192	0.2286	0.3032	0.1827
2.4842	02:29:03	0.2774	0.2704	0.2771	0.3155	0.2865	0.2787	0.3332	0.3225	0.3022	0.2860	0.2681	0.2790	0.2184	0.2287	0.3043	0.1818
2.5347	02:32:05	0.2840	0.2683	0.2928	0.3145	0.2959	0.2790	0.3308	0.3219	0.3069	0.2895	0.2641	0.2826	0.2185	0.2346	0.3057	0.1816
2.5853	02:35:07	0.2873	0.2646	0.3046	0.3120	0.3073	0.2796	0.3320	0.3231	0.3093	0.2945	0.2618	0.2893	0.2197	0.2410	0.3031	0.1833
2.6358	02:38:09	0.2921	0.2636	0.3104	0.3100	0.3168	0.2809	0.3325	0.3203	0.3103	0.3029	0.2593	0.2937	0.2188	0.2484	0.3034	0.1866
2.6864	02:41:11	0.2920	0.2608	0.3141	0.3082	0.3206	0.2791	0.3327	0.3227	0.3098	0.3111	0.2600	0.3078	0.2160	0.2613	0.3047	0.1922
2.7369	02:44:13	0.2914	0.2616	0.3109	0.3030	0.3220	0.2770	0.3305	0.3166	0.3110	0.3227	0.2613	0.3137	0.2173	0.2660	0.3081	0.1990
2.7875	02:47:15	0.2894	0.2616	0.3145	0.2989	0.3238	0.2719	0.3319	0.3177	0.3094	0.3247	0.2605	0.3136	0.2164	0.2712	0.3092	0.2039
2.8381	02:50:17	0.2919	0.2708	0.3166	0.3000	0.3217	0.2703	0.3330	0.3182	0.3115	0.3231	0.2576	0.3189	0.2174	0.2740	0.3125	0.2112
2.8886	02:53:19	0.2905	0.2817	0.3144	0.3056	0.3247	0.2688	0.3288	0.3143	0.3101	0.3269	0.2602	0.3209	0.2164	0.2737	0.3201	0.2143
2.9392	02:56:21	0.2895	0.2979	0.3163	0.3096	0.3262	0.2677	0.3324	0.3176	0.3078	0.3259	0.2613	0.3190	0.2149	0.2745	0.3189	0.2151
2.9897	02:59:23	0.2904	0.3185	0.3177	0.3166	0.3234	0.2653	0.3327	0.3181	0.3067	0.3229	0.2575	0.3180	0.2155	0.2773	0.3201	0.2187
3.0403	03:02:25	0.2873	0.3443	0.3157	0.3309	0.3245	0.2651	0.3350	0.3149	0.3034	0.3257	0.2596	0.3204	0.2146	0.2765	0.3218	0.2181
3.0908	03:05:27	0.2882	0.3632	0.3165	0.3531	0.3210	0.2707	0.3357	0.3122	0.3037	0.3236	0.2556	0.3171	0.2176	0.2781	0.3233	0.2214
3.1414	03:08:29	0.2876	0.3662	0.3142	0.3865	0.3208	0.2757	0.3360	0.3116	0.3012	0.3249	0.2541	0.3166	0.2163	0.2768	0.3245	0.2211
3.1919	03:11:31	0.2865	0.3731	0.3121	0.4068	0.3182	0.2853	0.3328	0.3089	0.3006	0.3208	0.2562	0.3176	0.2176	0.2787	0.3235	0.2218
3.2425	03:14:33	0.2847	0.3717	0.3105	0.4222	0.3201	0.2991	0.3288	0.3077	0.2995	0.3244	0.2566	0.3176	0.2148	0.2743	0.3250	0.2195
3.2931	03:17:35	0.2847	0.3786	0.3087	0.4244	0.3183	0.3151	0.3294	0.3045	0.2999	0.3224	0.2551	0.3171	0.2170	0.2732	0.3204	0.2214
3.3436	03:20:37	0.2864	0.3823	0.3103	0.4300	0.3149	0.3228	0.3321	0.3061	0.3037	0.3182	0.2521	0.3144	0.2185	0.2782	0.3189	0.2198
3.3942	03:23:39	0.2823	0.3821	0.3099	0.4397	0.3167	0.3300	0.3295	0.3033	0.3025	0.3194	0.2532	0.3159	0.2161	0.2754	0.3142	0.2172
3.4447	03:26:41	0.2833	0.3793	0.3082	0.4399	0.3162	0.3372	0.3287	0.3006	0.3100	0.3158	0.2532	0.3169	0.2194	0.2759	0.3159	0.2177
3.4953	03:29:43	0.2841	0.3746	0.3071	0.4383	0.3127	0.3469	0.3294	0.3027	0.3188	0.3138	0.2512	0.3141	0.2174	0.2770	0.3184	0.2182
3.5458	03:32:45	0.2818	0.3696	0.3066	0.4394	0.3120	0.3514	0.3285	0.3013	0.3313	0.3135	0.2488	0.3149	0.2179	0.2758	0.3207	0.2179
3.5964	03:35:47	0.2808	0.3568	0.3060	0.4386	0.3129	0.3552	0.3278	0.2997	0.3452	0.3120	0.2498	0.3148	0.2174	0.2753	0.3250	0.2178
3.6469	03:38:49	0.2777	0.3482	0.3063	0.4258	0.3117	0.3586	0.3254	0.2993	0.3491	0.3136	0.2506	0.3137	0.2184	0.2765	0.3270	0.2155
3.6975	03:41:51	0.2783	0.3451	0.3040	0.4216	0.3126	0.3605	0.3231	0.2967	0.3554	0.3123	0.2501	0.3140	0.2168	0.2749	0.3328	0.2160
3.7481	03:44:53	0.2764	0.3345	0.3041	0.4088	0.3108	0.3628	0.3234	0.2955	0.3619	0.3142	0.2558	0.3139	0.2157	0.2740	0.3325	0.2140
3.7986	03:47:55	0.2771	0.3291	0.3042	0.4014	0.3098	0.3652	0.3212	0.2947	0.3715	0.3081	0.2504	0.3117	0.2181	0.2754	0.3346	0.2160
3.8492	03:50:57	0.2757	0.3214	0.3024	0.3913	0.3107	0.3585	0.3223	0.2952	0.3756	0.3110	0.2538	0.3088	0.2165	0.2742	0.3385	0.2140
3.8997	03:53:59	0.2756	0.3165	0.3023	0.3829	0.3094	0.3547	0.3178	0.2966	0.3857	0.3073	0.2566	0.3116	0.2171	0.2769	0.3424	0.2145
3.9503	03:57:01	0.2723	0.3120	0.3006	0.3763	0.3100	0.3476	0.3173	0.2915	0.3900	0.3094	0.2612	0.3121	0.2159	0.2736	0.3462	0.2125
4.0008	04:00:03	0.2734	0.3056	0.3006	0.3665	0.3082	0.3432	0.3167	0.2931	0.3945	0.3069	0.2651	0.3077	0.2185	0.2743	0.3394	0.2138
4.0514	04:03:05	0.2710	0.2988	0.2972	0.3637	0.3100	0.3382	0.3153	0.2898	0.3984	0.3080	0.2735	0.3112	0.2166	0.2717	0.3417	0.2114
4.1019	04:06:07	0.2718	0.2990	0.3000	0.3522	0.3064	0.3345	0.3158	0.2909	0.4024	0.3059	0.2805	0.3084	0.2176	0.2729	0.3385	0.2109
4.1525	04:09:09	0.2685	0.2946	0.2973	0.3486	0.3067	0.3266	0.3159	0.2915	0.3966	0.3076	0.2859	0.3085	0.2183	0.2745	0.3364	0.2106
4.2031	04:12:11	0.2682	0.2929	0.2961	0.3431	0.3061	0.3197	0.3122	0.2906	0.3958	0.3084	0.2956	0.3107	0.2200	0.2718	0.3333	0.2107
4.2536	04:15:13	0.2685	0.2932	0.2939	0.3415	0.3058	0.3170	0.3097	0.2864	0.3892	0.3052	0.3036	0.3116	0.2217	0.2714	0.3296	0.2101
4.3042	04:18:15	0.2691	0.2944	0.2952	0.3378	0.3040	0.3153	0.3123	0.2895	0.3877	0.3033	0.3069	0.3090	0.2250	0.2725	0.3294	0.2108
4.3547	04:21:17	0.2665	0.2931	0.2941	0.3368	0.3040	0.3080	0.3098	0.2864	0.3829	0.3037	0.3164	0.3101	0.2269	0.2699	0.3261	0.2101
4.4053	04:24:19	0.2667	0.2921	0.2928	0.3357	0.3048	0.3044	0.3084	0.2856	0.3729	0.3040	0.3225	0.3092	0.2278	0.2705	0.3193	0.2087
4.4558	04:27:21	0.2670	0.2926	0.2947	0.3340	0.3023	0.3019	0.3118	0.2850	0.3740	0.3019	0.3296	0.3080	0.2324	0.2699	0.3175	0.2091
4.5064	04:30:23	0.2653	0.2940	0.2926	0.3301	0.3014	0.2981	0.3099	0.2860	0.3695	0.3038	0.3350	0.3068	0.2396	0.2707	0.3120	0.2095
4.5569	04:33:25	0.2645	0.2924	0.2927	0.3302	0.3006	0.2959	0.3102	0.2836	0.3635	0.3014	0.3455	0.3076	0.2412	0.2696	0.3084	0.2083
4.6075	04:36:27	0.2612	0.2905	0.2892	0.3292	0.3024	0.2916	0.3078	0.2801	0.3607	0.3027	0.3534	0.3089	0.2445	0.2680	0.3075	0.2072
4.6581	04:39:29	0.2607	0.2911	0.2913	0.3273	0.3002	0.2891	0.3075	0.2817	0.3549	0.3022	0.3538	0.3041	0.2496	0.2679	0.3056	0.2067
4.7086	04:42:31	0.2596	0.2914	0.2893	0.3261	0.3006	0.2841	0.3060	0.2797	0.3464	0.3030	0.3539	0.3047	0.2565	0.2669	0.3038	0.2056
4.7592	04:45:33	0.2600	0.2915	0.2886	0.3258	0.2998	0.2853	0.3061	0.2808	0.3501	0.3022	0.3572	0.3054	0.2618	0.2668	0.2997	0.2054
4.8097	04:48:35	0.2605	0.2934	0.2886	0.3270	0.2985	0.2833	0.3068	0.2842	0.3456	0.2972	0.3525	0.3036	0.2748	0.2680	0.2980	0.2075
4.8603	04:51:37	0.2608	0.2939	0.2893	0.3261	0.2949	0.2846	0.3081	0.2831	0.3445	0.2993	0.3483	0.3036	0.2811	0.2690	0.2947	0.2065
4.9108	04:54:39	0.2590	0.2942	0.2889	0.3241	0.2945	0.2827	0.3062	0.2810	0.3394	0.2986	0.3494	0.3041	0.2878	0.2676	0.2943	0.2071
4.9614	04:57:41	0.2574	0.2940	0.2864	0.3249	0.2981	0.2839	0.3046	0.2792	0.3386	0.3004	0.3497	0.3064	0.2896	0.2648	0.2947	0.2040
5.0119	05:00:43	0.2583	0.2958	0.2870	0.3253	0.2942	0.2845	0.3046	0.2814	0.3373	0.2975	0.3434	0.3044	0.2994	0.2666	0.2919	0.2055
5.0625	05:03:45	0.2579	0.2958	0.2866	0.3248	0.2967	0.2839	0.3027	0.2796	0.3352	0.2990	0.3427	0.3063	0.3111	0.2658	0.2924	0.2055
5.1131	05:06:47	0.2578	0.2980	0.2872	0.3228	0.2940	0.2829	0.3061	0.2843	0.3306	0.2995	0.3379	0.3031	0.3130	0.2668	0.2883	0.2049
5.1636	05:09:49	0.2568	0.2984	0.2857	0.3231	0.2961	0.2829	0.3022	0.2804	0.3301	0.2967	0.3378	0.3051	0.3196	0.2642	0.2885	0.2049
5.2142	05:12:51	0.2575	0.3001	0.2838	0.3246	0.2936	0.2822	0.3040	0.2829	0.3299	0.2968	0.3370	0.3053	0.3238	0.2650	0.2876	0.2049
5.2647	05:15:53	0.2562	0.3022	0.2840	0.3245	0.2943	0.2821	0.3008	0.2823	0.3260	0.2967	0.3366	0.3032	0.3263	0.2644	0.2868	0.2038
5.3153	05:18:55	0.2554	0.3038	0.2831	0.3255	0.2955	0.2819	0.3039	0.2816	0.3234	0.2990	0.3348	0.3054	0.3297	0.2633	0.2844	0.2023
5.3658	05:21:57	0.2567	0.3066	0.2853	0.3280	0.2946	0.2816	0.3018	0.2810	0.3226	0.2966	0.3319	0.3065	0.3315	0.2646	0.2844	0.2031
5.4164	05:24:59	0.2564	0.3089	0.2844	0.3295	0.2919	0.2827	0.3030	0.2825	0.3219	0.2943	0.3318	0.3067	0.3308	0.2649	0.2832	0.2028
5.4669	05:28:01	0.2576	0.3121	0.2861	0.3284	0.2906	0.2837	0.3050	0.2839	0.3236	0.2959	0.3249	0.3020	0.3298	0.2659	0.2811	0.2026
5.5175	05:31:03	0.2580	0.3146	0.2865	0.3295	0.2903	0.2825	0.3049	0.2850	0.3227	0.2971	0.3237	0.3041	0.3279	0.2657	0.2809	0.2034
5.5681	05:34:05	0.2558	0.3177	0.2840	0.3305	0.2935	0.2807	0.3026	0.2823	0.3191	0.2963	0.3252	0.3045	0.3242	0.2628	0.2803	0.2003
5.6186	05:37:07	0.2559	0.3212	0.2859	0.3310	0.2929	0.2808	0.3054	0.2843	0.3169	0.2993	0.3251	0.3038	0.3177	0.2640	0.2791	0.2005
5.6692	05:40:09	0.2572	0.3239	0.2868	0.3335	0.2915	0.2814	0.3059	0.2853	0.3200	0.2966	0.3197	0.3016	0.3196	0.2628	0.2785	0.2012
5.7197	05:43:11	0.2570	0.3261	0.2862	0.3352	0.2924	0.2811	0.3049	0.2837	0.3202	0.2967	0.3205	0.3026	0.3133	0.2652	0.2793	0.1990
5.7703	05:46:13	0.2577	0.3297	0.2854	0.3391	0.2931	0.2828	0.3045	0.2844	0.3213	0.2969	0.3186	0.3049	0.3119	0.2616	0.2797	0.2007
5.8208	05:49:15	0.2586	0.3324	0.2842	0.3402	0.2927	0.2827	0.3041	0.2861	0.3234	0.2959	0.3176	0.3061	0.3095	0.2631	0.2784	0.2001
5.8714	05:52:17	0.2594	0.3380	0.2865	0.3437	0.2940	0.2839	0.3018	0.2851	0.3249	0.2987	0.3166	0.3050	0.3089	0.2626	0.2763	0.1999
5.9219	05:55:19	0.2617	0.3406	0.2863	0.3470	0.2933	0.2855	0.3044	0.2841	0.3269	0.2971	0.3140	0.3053	0.3050	0.2613	0.2759	0.1992
5.9725	05:58:21	0.2623	0.3467	0.2895	0.3477	0.2925	0.2874	0.3052	0.2893	0.3295	0.2976	0.3122	0.3029	0.3044	0.2627	0.2747	0.1982
6.0231	06:01:23	0.2646	0.3500	0.2911	0.3518	0.2905	0.2898	0.3066	0.2889	0.3312	0.2985	0.3097	0.3018	0.3048	0.2633	0.2742	0.1994
6.0736	06:04:25	0.2668	0.3546	0.2912	0.3543	0.2905	0.2905	0.3081	0.2904	0.3317	0.2961	0.3052	0.3027	0.3040	0.2631	0.2769	0.1989
6.1242	06:07:27	0.2675	0.3570	0.2903	0.3588	0.2927	0.2918	0.3043	0.2884	0.3305	0.2961	0.3100	0.3054	0.3002	0.2625	0.2766	0.1988
6.1747	06:10:29	0.2713	0.3606	0.2919	0.3630	0.2947	0.2951	0.3048	0.2859	0.3288	0.2969	0.3088	0.3055	0.2967	0.2619	0.2752	0.1990
6.2253	06:13:31	0.2784	0.3645	0.2939	0.3670	0.2942	0.2979	0.3054	0.2874	0.3335	0.2973	0.3075	0.3051	0.2985	0.2607	0.2751	0.1975
6.2758	06:16:33	0.2811	0.3717	0.2995	0.3691	0.2928	0.2999	0.3061	0.2899	0.3360	0.3011	0.3046	0.3038	0.2967	0.2630	0.2738	0.1996
6.3264	06:19:35	0.2894	0.3736	0.2996	0.3727	0.2957	0.3018	0.3040	0.2877	0.3352	0.2967	0.3049	0.3042	0.2950	0.2618	0.2742	0.1977
6.3769	06:22:37	0.2952	0.3777	0.2999	0.3759	0.2974	0.3037	0.3043	0.2878	0.3342	0.2983	0.3043	0.3072	0.2913	0.2614	0.2738	0.1980
6.4275	06:25:39	0.3035	0.3830	0.3034	0.3790	0.2949	0.3087	0.3062	0.2922	0.3402	0.2962	0.3033	0.3046	0.2937	0.2621	0.2743	0.1995
6.4781	06:28:41	0.3117	0.3887	0.3075	0.3829	0.2982	0.3092	0.3061	0.2896	0.3377	0.2997	0.3035	0.3042	0.2910	0.2596	0.2743	0.1972
6.5286	06:31:43	0.3249	0.3930	0.3099	0.3862	0.2970	0.3112	0.3054	0.2914	0.3403	0.2978	0.3039	0.3036	0.2912	0.2618	0.2726	0.1984
6.5792	06:34:45	0.3368	0.3958	0.3133	0.3903	0.2971	0.3155	0.3049	0.2929	0.3432	0.2976	0.3026	0.3062	0.2888	0.2623	0.2737	0.1984
6.6297	06:37:47	0.3409	0.4015	0.3223	0.3934	0.2973	0.3152	0.3075	0.2891	0.3398	0.2991	0.3005	0.3046	0.2883	0.2626	0.2744	0.1967
6.6803	06:40:49	0.3538	0.4040	0.3250	0.3987	0.2988	0.3206	0.3075	0.2900	0.3478	0.2965	0.3011	0.3075	0.2883	0.2620	0.2747	0.1985
6.7308	06:43:51	0.3609	0.4072	0.3292	0.4034	0.3008	0.3234	0.3049	0.2881	0.3445	0.2991	0.3006	0.3065	0.2854	0.2605	0.2730	0.1982
6.7814	06:46:53	0.3627	0.4133	0.3368	0.4066	0.3000	0.3266	0.3065	0.2912	0.3476	0.2958	0.2967	0.3056	0.2860	0.2624	0.2734	0.1984
6.8319	06:49:55	0.3628	0.4188	0.3458	0.4076	0.3016	0.3286	0.3067	0.2916	0.3491	0.3001	0.2983	0.3028	0.2846	0.2613	0.2721	0.1967
6.8825	06:52:57	0.3642	0.4215	0.3497	0.4138	0.2990	0.3328	0.3084	0.2943	0.3510	0.2982	0.2992	0.3058	0.2866	0.2623	0.2732	0.1989
6.9331	06:55:59	0.3607	0.4260	0.3564	0.4146	0.3009	0.3358	0.3083	0.2929	0.3550	0.2981	0.2988	0.3023	0.2873	0.2614	0.2688	0.1999
6.9836	06:59:01	0.3555	0.4305	0.3592	0.4213	0.3055	0.3356	0.3061	0.2908	0.3524	0.3024	0.3038	0.3068	0.2838	0.2603	0.2696	0.1963
7.0342	07:02:03	0.3528	0.4337	0.3670	0.4251	0.3061	0.3411	0.3049	0.2919	0.3541	0.3018	0.3060	0.3082	0.2833	0.2599	0.2712	0.1962
7.0847	07:05:05	0.3506	0.4390	0.3699	0.4281	0.3059	0.3435	0.3067	0.2950	0.3595	0.3012	0.3034	0.3029	0.2841	0.2605	0.2707	0.1991
7.1353	07:08:07	0.3439	0.4430	0.3768	0.4301	0.3078	0.3470	0.3061	0.2933	0.3605	0.3023	0.3042	0.3054	0.2845	0.2619	0.2705	0.1969
7.1858	07:11:09	0.3372	0.4476	0.3767	0.4341	0.3096	0.3493	0.3069	0.2923	0.3637	0.3033	0.3053	0.3054	0.2827	0.2618	0.2703	0.1960
7.2364	07:14:11	0.3383	0.4507	0.3800	0.4384	0.3096	0.3532	0.3073	0.2924	0.3658	0.3030	0.3072	0.3030	0.2828	0.2609	0.2691	0.1967
7.2869	07:17:13	0.3339	0.4545	0.3857	0.4411	0.3133	0.3559	0.3083	0.2929	0.3662	0.3009	0.3064	0.3046	0.2825	0.2609	0.2685	0.1963
7.3375	07:20:15	0.3320	0.4580	0.3790	0.4462	0.3160	0.3591	0.3076	0.2928	0.3690	0.3050	0.3107	0.3068	0.2815	0.2599	0.2725	0.1962
7.3881	07:23:17	0.3295	0.4629	0.3778	0.4488	0.3201	0.3611	0.3092	0.2931	0.3713	0.3043	0.3111	0.3048	0.2796	0.2602	0.2689	0.1956
7.4386	07:26:19	0.3267	0.4657	0.3772	0.4531	0.3250	0.3637	0.3087	0.2940	0.3745	0.3041	0.3115	0.3058	0.2803	0.2608	0.2688	0.1951
7.4892	07:29:21	0.3267	0.4673	0.3739	0.4573	0.3308	0.3676	0.3068	0.2954	0.3769	0.3025	0.3106	0.3058	0.2809	0.2615	0.2693	0.1969
7.5397	07:32:23	0.3251	0.4721	0.3674	0.4604	0.3360	0.3689	0.3093	0.2918	0.3753	0.3061	0.3135	0.3092	0.2783	0.2603	0.2696	0.1947
7.5903	07:35:25	0.3233	0.4756	0.3693	0.4654	0.3427	0.3743	0.3068	0.2910	0.3799	0.3055	0.3134	0.3085	0.2795	0.2589	0.2703	0.1943
7.6408	07:38:27	0.3242	0.4758	0.3664	0.4683	0.3514	0.3799	0.3085	0.2922	0.3825	0.3046	0.3137	0.3081	0.2792	0.2614	0.2710	0.1964
7.6914	07:41:29	0.3213	0.4799	0.3640	0.4716	0.3600	0.3795	0.3076	0.2890	0.3857	0.3075	0.3155	0.3080	0.2779	0.2595	0.2708	0.1948
7.7419	07:44:31	0.3216	0.4863	0.3618	0.4723	0.3641	0.3819	0.3095	0.2940	0.3879	0.3087	0.3140	0.3069	0.2775	0.2607	0.2690	0.1949
7.7925	07:47:33	0.3204	0.4888	0.3610	0.4759	0.3740	0.3836	0.3084	0.2933	0.3899	0.3086	0.3142	0.3095	0.2748	0.2591	0.2688	0.1941
7.8431	07:50:35	0.3191	0.4915	0.3582	0.4781	0.3792	0.3873	0.3105	0.2913	0.3941	0.3102	0.3141	0.3066	0.2742	0.2593	0.2701	0.1935
7.8936	07:53:37	0.3222	0.4925	0.3578	0.4824	0.3831	0.3931	0.3095	0.2937	0.3958	0.3067	0.3141	0.3077	0.2760	0.2599	0.2702	0.1956
7.9442	07:56:39	0.3217	0.4945	0.3543	0.4840	0.3827	0.3938	0.3083	0.2935	0.3994	0.3108	0.3163	0.3081	0.2733	0.2596	0.2681	0.1953
7.9947	07:59:41	0.3213	0.4988	0.3546	0.4856	0.3843	0.3961	0.3087	0.2941	0.4011	0.3115	0.3148	0.3065	0.2735	0.2600	0.2694	0.1960
8.0453	08:02:43	0.3210	0.4998	0.3525	0.4912	0.3838	0.3998	0.3059	0.2900	0.4007	0.3122	0.3167	0.3100	0.2729	0.2577	0.2708	0.1937
8.0958	08:05:45	0.3198	0.5045	0.3508	0.4930	0.3862	0.4012	0.3086	0.2923	0.4036	0.3154	0.3182	0.3100	0.2713	0.2598	0.2691	0.1934
8.1464	08:08:47	0.3210	0.5042	0.3479	0.4973	0.3795	0.4044	0.3062	0.2912	0.4050	0.3136	0.3192	0.3108	0.2727	0.2595	0.2679	0.1945
8.1969	08:11:49	0.3209	0.5068	0.3486	0.4998	0.3772	0.4067	0.3074	0.2934	0.4099	0.3140	0.3209	0.3102	0.2754	0.2595	0.2697	0.1939
8.2475	08:14:51	0.3223	0.5089	0.3494	0.5019	0.3735	0.4083	0.3071	0.2924	0.4113	0.3139	0.3187	0.3117	0.2759	0.2608	0.2692	0.1945
8.2981	08:17:53	0.3211	0.5108	0.3496	0.5039	0.3731	0.4107	0.3049	0.2899	0.4116	0.3158	0.3221	0.3117	0.2767	0.2594	0.2703	0.1928
8.3486	08:20:55	0.3218	0.5140	0.3498	0.5061	0.3686	0.4144	0.3086	0.2918	0.4164	0.3149	0.3186	0.3120	0.2772	0.2607	0.2693	0.1946
8.3992	08:23:57	0.3240	0.5173	0.3488	0.5054	0.3623	0.4170	0.3079	0.2931	0.4175	0.3183	0.3180	0.3093	0.2797	0.2610	0.2667	0.1941
8.4497	08:26:59	0.3238	0.5169	0.3457	0.5114	0.3624	0.4183	0.3056	0.2922	0.4182	0.3174	0.3217	0.3121	0.2772	0.2591	0.2694	0.1929
8.5003	08:30:01	0.3243	0.5202	0.3485	0.5117	0.3596	0.4203	0.3057	0.2930	0.4210	0.3203	0.3192	0.3096	0.2780	0.2609	0.2696	0.1933
8.5508	08:33:03	0.3221	0.5222	0.3459	0.5135	0.3580	0.4206	0.3068	0.2928	0.4206	0.3237	0.3223	0.3134	0.2785	0.2592	0.2691	0.1918
8.6014	08:36:05	0.3244	0.5247	0.3474	0.5156	0.3562	0.4234	0.3055	0.2927	0.4236	0.3254	0.3220	0.3125	0.2765	0.2579	0.2695	0.1913
8.6519	08:39:07	0.3241	0.5267	0.3475	0.5156	0.3540	0.4241	0.3069	0.2930	0.4256	0.3296	0.3218	0.3124	0.2804	0.2606	0.2679	0.1921
8.7025	08:42:09	0.3252	0.5288	0.3459	0.5201	0.3517	0.4266	0.3046	0.2937	0.4264	0.3296	0.3233	0.3119	0.2778	0.2612	0.2683	0.1922
8.7531	08:45:11	0.3267	0.5292	0.3438	0.5225	0.3513	0.4286	0.3074	0.2925	0.4274	0.3319	0.3250	0.3122	0.2797	0.2598	0.2685	0.1913
8.8036	08:48:13	0.3289	0.5297	0.3471	0.5254	0.3467	0.4327	0.3065	0.2932	0.4323	0.3333	0.3242	0.3134	0.2793	0.2608	0.2698	0.1926
8.8542	08:51:15	0.3297	0.5317	0.3433	0.5273	0.3478	0.4345	0.3055	0.2910	0.4332	0.3349	0.3241	0.3135	0.2795	0.2593	0.2686	0.1908
8.9047	08:54:17	0.3305	0.5347	0.3452	0.5255	0.3446	0.4355	0.3083	0.2935	0.4350	0.3402	0.3229	0.3111	0.2785	0.2612	0.2666	0.1919
8.9553	08:57:19	0.3300	0.5344	0.3461	0.5300	0.3471	0.4368	0.3065	0.2933	0.4362	0.3454	0.3259	0.3153	0.2759	0.2585	0.2677	0.1911
9.0058	09:00:21	0.3331	0.5357	0.3499	0.5305	0.3417	0.4410	0.3088	0.2944	0.4395	0.3448	0.3255	0.3117	0.2801	0.2611	0.2652	0.1915
9.0564	09:03:23	0.3322	0.5365	0.3461	0.5332	0.3466	0.4391	0.3050	0.2896	0.4408	0.3526	0.3294	0.3155	0.2795	0.2600	0.2664	0.1886
9.1069	09:06:25	0.3325	0.5389	0.3442	0.5326	0.3433	0.4410	0.3068	0.2903	0.4397	0.3543	0.3292	0.3144	0.2789	0.2597	0.2655	0.1879
9.1575	09:09:27	0.3354	0.5377	0.3462	0.5371	0.3417	0.4465	0.3077	0.2930	0.4451	0.3548	0.3278	0.3162	0.2783	0.2623	0.2673	0.1880
9.2081	09:12:29	0.3368	0.5407	0.3468	0.5380	0.3421	0.4460	0.3069	0.2913	0.4467	0.3569	0.3293	0.3161	0.2790	0.2606	0.2685	0.1875
9.2586	09:15:31	0.3354	0.5420	0.3460	0.5389	0.3418	0.4465	0.3064	0.2906	0.4452	0.3606	0.3310	0.3170	0.2782	0.2599	0.2628	0.1869
9.3092	09:18:33	0.3366	0.5435	0.3492	0.5369	0.3400	0.4490	0.3075	0.2937	0.4500	0.3648	0.3316	0.3133	0.2793	0.2616	0.2616	0.1878
9.3597	09:21:35	0.3390	0.5442	0.3476	0.5413	0.3372	0.4512	0.3088	0.2938	0.4509	0.3612	0.3297	0.3145	0.2802	0.2625	0.2662	0.1889
9.4103	09:24:37	0.3386	0.5458	0.3478	0.5420	0.3391	0.4503	0.3061	0.2899	0.4520	0.3645	0.3333	0.3161	0.2787	0.2610	0.2662	0.1883
9.4608	09:27:39	0.3380	0.5471	0.3472	0.5424	0.3394	0.4500	0.3085	0.2917	0.4516	0.3674	0.3332	0.3184	0.2781	0.2625	0.2652	0.1877
9.5114	09:30:41	0.3397	0.5477	0.3482	0.5443	0.3391	0.4514	0.3065	0.2925	0.4527	0.3675	0.3344	0.3173	0.2778	0.2615	0.2642	0.1858
9.5619	09:33:43	0.3413	0.5467	0.3494	0.5469	0.3371	0.4554	0.3077	0.2927	0.4576	0.3641	0.3320	0.3168	0.2798	0.2628	0.2647	0.1875
9.6125	09:36:45	0.3415	0.5494	0.3490	0.5469	0.3404	0.4540	0.3071	0.2908	0.4583	0.3675	0.3361	0.3179	0.2766	0.2616	0.2629	0.1863
9.6631	09:39:47	0.3434	0.5503	0.3502	0.5488	0.3390	0.4558	0.3076	0.2914	0.4587	0.3652	0.3367	0.3174	0.2747	0.2630	0.2631	0.1856
9.7136	09:42:49	0.3446	0.5486	0.3512	0.5496	0.3393	0.4591	0.3063	0.2909	0.4579	0.3667	0.3369	0.3186	0.2751	0.2621	0.2647	0.1865
9.7642	09:45:51	0.3458	0.5524	0.3523	0.5478	0.3372	0.4600	0.3071	0.2942	0.4628	0.3662	0.3351	0.3151	0.2758	0.2631	0.2605	0.1878
9.8147	09:48:53	0.3444	0.5538	0.3527	0.5495	0.3387	0.4580	0.3066	0.2921	0.4639	0.3657	0.3372	0.3198	0.2772	0.2635	0.2604	0.1862
9.8653	09:51:55	0.3485	0.5547	0.3549	0.5504	0.3359	0.4614	0.3081	0.2937	0.4658	0.3671	0.3372	0.3168	0.2776	0.2653	0.2568	0.1881
9.9158	09:54:57	0.3474	0.5545	0.3522	0.5528	0.3401	0.4607	0.3054	0.2933	0.4657	0.3629	0.3379	0.3184	0.2756	0.2637	0.2579	0.1860
9.9664	09:57:59	0.3486	0.5547	0.3517	0.5543	0.3383	0.4612	0.3056	0.2906	0.4654	0.3653	0.3395	0.3203	0.2740	0.2632	0.2583	0.1850
10.0169	10:01:01	0.3523	0.5559	0.3555	0.5544	0.3371	0.4649	0.3084	0.2946	0.4702	0.3599	0.3387	0.3170	0.2770	0.2632	0.2543	0.1877
10.0675	10:04:03	0.3512	0.5552	0.3536	0.5576	0.3379	0.4624	0.3055	0.2904	0.4684	0.3602	0.3419	0.3224	0.2748	0.2631	0.2556	0.1853
10.1181	10:07:05	0.3534	0.5555	0.3540	0.5580	0.3401	0.4641	0.3054	0.2911	0.4709	0.3562	0.3428	0.3210	0.2749	0.2626	0.2552	0.1860
10.1686	10:10:07	0.3538	0.5564	0.3550	0.5583	0.3398	0.4656	0.3035	0.2912	0.4718	0.3535	0.3434	0.3219	0.2747	0.2626	0.2558	0.1849
10.2192	10:13:09	0.3572	0.5587	0.3582	0.5573	0.3362	0.4673	0.3068	0.2944	0.4751	0.3523	0.3424	0.3204	0.2762	0.2655	0.2557	0.1881
10.2697	10:16:11	0.3540	0.5596	0.3561	0.5581	0.3395	0.4661	0.3064	0.2936	0.4736	0.3526	0.3447	0.3227	0.2746	0.2635	0.2545	0.1846
10.3203	10:19:13	0.3585	0.5582	0.3589	0.5614	0.3377	0.4687	0.3055	0.2944	0.4775	0.3498	0.3462	0.3223	0.2754	0.2647	0.2529	0.1873
10.3708	10:22:15	0.3578	0.5593	0.3567	0.5610	0.3410	0.4674	0.3042	0.2907	0.4756	0.3484	0.3465	0.3246	0.2724	0.2628	0.2519	0.1828
10.4214	10:25:17	0.3591	0.5607	0.3596	0.5598	0.3398	0.4673	0.3066	0.2939	0.4770	0.3498	0.3463	0.3248	0.2749	0.2654	0.2523	0.1858
10.4719	10:28:19	0.3624	0.5611	0.3611	0.5617	0.3389	0.4712	0.3073	0.2936	0.4809	0.3431	0.3448	0.3218	0.2754	0.2667	0.2490	0.1880
10.5225	10:31:21	0.3612	0.5602	0.3606	0.5641	0.3383	0.4711	0.3074	0.2917	0.4807	0.3416	0.3472	0.3258	0.2762	0.2650	0.2500	0.1861
10.5731	10:34:23	0.3631	0.5620	0.3623	0.5645	0.3385	0.4720	0.3038	0.2942	0.4817	0.3412	0.3466	0.3234	0.2760	0.2649	0.2501	0.1862
10.6236	10:37:25	0.3634	0.5617	0.3607	0.5656	0.3415	0.4706	0.3035	0.2905	0.4799	0.3413	0.3494	0.3271	0.2753	0.2645	0.2478	0.1842
10.6742	10:40:27	0.3652	0.5626	0.3642	0.5649	0.3395	0.4741	0.3057	0.2936	0.4856	0.3389	0.3482	0.3251	0.2769	0.2656	0.2479	0.1864
10.7247	10:43:29	0.3642	0.5641	0.3616	0.5626	0.3434	0.4718	0.3046	0.2927	0.4823	0.3420	0.3504	0.3276	0.2742	0.2658	0.2475	0.1845
10.7753	10:46:31	0.3652	0.5643	0.3639	0.5647	0.3433	0.4736	0.3015	0.2911	0.4837	0.3395	0.3517	0.3298	0.2740	0.2648	0.2475	0.1839
10.8258	10:49:33	0.3676	0.5630	0.3652	0.5661	0.3424	0.4760	0.3037	0.2928	0.4857	0.3379	0.3512	0.3290	0.2764	0.2661	0.2461	0.1835
10.8764	10:52:35	0.3675	0.5658	0.3681	0.5639	0.3435	0.4746	0.3058	0.2936	0.4872	0.3405	0.3488	0.3273	0.2767	0.2677	0.2426	0.1844
10.9269	10:55:37	0.3681	0.5664	0.3664	0.5651	0.3455	0.4745	0.3039	0.2932	0.4878	0.3378	0.3503	0.3300	0.2763	0.2681	0.2452	0.1839
10.9775	10:58:39	0.3702	0.5648	0.3682	0.5674	0.3446	0.4756	0.3042	0.2936	0.4905	0.3369	0.3509	0.3314	0.2778	0.2676	0.2458	0.1847
11.0281	11:01:41	0.3706	0.5639	0.3674	0.5678	0.3484	0.4761	0.3032	0.2891	0.4888	0.3357	0.3550	0.3338	0.2741	0.2674	0.2458	0.1831
11.0786	11:04:43	0.3742	0.5663	0.3701	0.5661	0.3439	0.4779	0.3052	0.2930	0.4911	0.3355	0.3515	0.3334	0.2782	0.2697	0.2414	0.1849
11.1292	11:07:45	0.3741	0.5666	0.3710	0.5669	0.3450	0.4800	0.3034	0.2925	0.4921	0.3334	0.3539	0.3324	0.2774	0.2691	0.2431	0.1851
11.1797	11:10:47	0.3750	0.5659	0.3722	0.5687	0.3460	0.4810	0.3043	0.2922	0.4929	0.3327	0.3552	0.3342	0.2771	0.2698	0.2408	0.1849
11.2303	11:13:49	0.3741	0.5658	0.3693	0.5690	0.3487	0.4790	0.2994	0.2894	0.4906	0.3362	0.3556	0.3366	0.2757	0.2671	0.2403	0.1837
11.2808	11:16:51	0.3768	0.5671	0.3709	0.5708	0.3470	0.4807	0.3038	0.2931	0.4948	0.3336	0.3568	0.3370	0.2777	0.2694	0.2378	0.1840
11.3314	11:19:53	0.3761	0.5673	0.3714	0.5687	0.3485	0.4791	0.2995	0.2901	0.4921	0.3352	0.3586	0.3391	0.2758	0.2670	0.2376	0.1831
11.3819	11:22:55	0.3768	0.5697	0.3714	0.5699	0.3489	0.4781	0.3006	0.2913	0.4943	0.3356	0.3577	0.3406	0.2756	0.2686	0.2431	0.1836
11.4325	11:25:57	0.3793	0.5694	0.3745	0.5686	0.3457	0.4817	0.3038	0.2920	0.4952	0.3324	0.3554	0.3414	0.2795	0.2696	0.2414	0.1844
11.4831	11:28:59	0.3796	0.5700	0.3766	0.5694	0.3489	0.4814	0.3026	0.2923	0.4968	0.3359	0.3571	0.3382	0.2780	0.2703	0.2388	0.1848
11.5336	11:32:01	0.3818	0.5688	0.3778	0.5698	0.3471	0.4831	0.3034	0.2923	0.4955	0.3329	0.3568	0.3397	0.2800	0.2718	0.2395	0.1843
11.5842	11:35:03	0.3790	0.5682	0.3762	0.5714	0.3508	0.4801	0.3003	0.2895	0.4935	0.3308	0.3615	0.3451	0.2760	0.2692	0.2433	0.1826
11.6347	11:38:05	0.3819	0.5683	0.3755	0.5709	0.3514	0.4826	0.3012	0.2905	0.4949	0.3320	0.3598	0.3435	0.2774	0.2700	0.2397	0.1828
11.6853	11:41:07	0.3840	0.5691	0.3812	0.5722	0.3494	0.4840	0.3027	0.2935	0.4992	0.3313	0.3599	0.3422	0.2805	0.2728	0.2380	0.1840
11.7358	11:44:09	0.3849	0.5706	0.3790	0.5693	0.3521	0.4812	0.3022	0.2914	0.4987	0.3326	0.3603	0.3444	0.2790	0.2730	0.2357	0.1839
11.7864	11:47:11	0.3828	0.5695	0.3777	0.5731	0.3547	0.4826	0.3016	0.2883	0.4960	0.3311	0.3622	0.3455	0.2784	0.2716	0.2389	0.1821
11.8369	11:50:13	0.3854	0.5694	0.3800	0.5736	0.3525	0.4855	0.3018	0.2909	0.5008	0.3324	0.3617	0.3459	0.2806	0.2735	0.2413	0.1836
11.8875	11:53:15	0.3852	0.5713	0.3824	0.5714	0.3539	0.4824	0.3035	0.2897	0.4999	0.3308	0.3634	0.3461	0.2792	0.2736	0.2386	0.1824
11.9381	11:56:17	0.3881	0.5704	0.3829	0.5729	0.3513	0.4849	0.3038	0.2924	0.5021	0.3331	0.3615	0.3432	0.2801	0.2765	0.2372	0.1831
11.9886	11:59:19	0.3864	0.5708	0.3808	0.5731	0.3569	0.4836	0.3018	0.2897	0.5021	0.3336	0.3653	0.3480	0.2789	0.2759	0.2388	0.1822
12.0392	12:02:21	0.3893	0.5709	0.3835	0.5738	0.3550	0.4854	0.3034	0.2938	0.5034	0.3298	0.3652	0.3480	0.2808	0.2758	0.2371	0.1831
12.0897	12:05:23	0.3880	0.5702	0.3825	0.5733	0.3590	0.4840	0.2996	0.2911	0.5006	0.3331	0.3688	0.3478	0.2802	0.2770	0.2364	0.1820
12.1403	12:08:25	0.3908	0.5726	0.3854	0.5716	0.3582	0.4845	0.3008	0.2916	0.5024	0.3346	0.3670	0.3491	0.2816	0.2789	0.2365	0.1807
12.1908	12:11:27	0.3916	0.5697	0.3853	0.5748	0.3579	0.4860	0.2982	0.2910	0.5017	0.3337	0.3675	0.3518	0.2799	0.2801	0.2375	0.1818
12.2414	12:14:29	0.3901	0.5711	0.3859	0.5712	0.3598	0.4826	0.3009	0.2902	0.5037	0.3380	0.3679	0.3495	0.2807	0.2783	0.2372	0.1818
12.2919	12:17:31	0.3913	0.5702	0.3867	0.5733	0.3601	0.4837	0.3009	0.2901	0.5021	0.3343	0.3691	0.3523	0.2798	0.2768	0.2382	0.1806
12.3425	12:20:33	0.3921	0.5690	0.3868	0.5755	0.3612	0.4866	0.2997	0.2883	0.5050	0.3318	0.3700	0.3529	0.2810	0.2791	0.2400	0.1815
12.3931	12:23:35	0.3930	0.5690	0.3849	0.5752	0.3615	0.4862	0.2964	0.2902	0.5060	0.3337	0.3709	0.3535	0.2820	0.2798	0.2406	0.1799
12.4436	12:26:37	0.3933	0.5688	0.3880	0.5748	0.3629	0.4842	0.2976	0.2894	0.5049	0.3333	0.3706	0.3540	0.2829	0.2798	0.2386	0.1809
12.4942	12:29:39	0.3949	0.5708	0.3896	0.5736	0.3618	0.4861	0.2996	0.2912	0.5066	0.3368	0.3692	0.3518	0.2837	0.2844	0.2381	0.1821
12.5447	12:32:41	0.3960	0.5685	0.3904	0.5760	0.3623	0.4865	0.2978	0.2923	0.5086	0.3330	0.3699	0.3570	0.2840	0.2826	0.2418	0.1821
12.5953	12:35:43	0.3969	0.5705	0.3910	0.5725	0.3638	0.4847	0.2980	0.2922	0.5081	0.3369	0.3695	0.3548	0.2842	0.2862	0.2387	0.1819
12.6458	12:38:45	0.3971	0.5712	0.3909	0.5739	0.3646	0.4863	0.2973	0.2908	0.5080	0.3364	0.3711	0.3577	0.2842	0.2823	0.2399	0.1799
12.6964	12:41:47	0.3991	0.5707	0.3946	0.5753	0.3615	0.4876	0.2978	0.2932	0.5089	0.3327	0.3696	0.3553	0.2848	0.2840	0.2388	0.1808
12.7469	12:44:49	0.3999	0.5703	0.3934	0.5736	0.3624	0.4877	0.2968	0.2922	0.5113	0.3345	0.3714	0.3565	0.2850	0.2882	0.2392	0.1819
12.7975	12:47:51	0.4005	0.5714	0.3939	0.5715	0.3659	0.4867	0.2952	0.2931	0.5099	0.3370	0.3710	0.3572	0.2866	0.2849	0.2387	0.1807
12.8481	12:50:53	0.3999	0.5704	0.3931	0.5756	0.3662	0.4858	0.2962	0.2891	0.5075	0.3393	0.3730	0.3571	0.2837	0.2833	0.2394	0.1801
12.8986	12:53:55	0.4014	0.5697	0.3932	0.5767	0.3656	0.4884	0.2956	0.2905	0.5098	0.3373	0.3762	0.3573	0.2862	0.2871	0.2386	0.1813
12.9492	12:56:57	0.3998	0.5710	0.3950	0.5739	0.3670	0.4865	0.2967	0.2884	0.5097	0.3405	0.3744	0.3541	0.2854	0.2898	0.2399	0.1801
12.9997	12:59:59	0.4016	0.5709	0.3937	0.5758	0.3688	0.4877	0.2972	0.2876	0.5112	0.3394	0.3768	0.3547	0.2847	0.2897	0.2423	0.1788
13.0503	13:03:01	0.4027	0.5698	0.3977	0.5759	0.3674	0.4891	0.2954	0.2894	0.5130	0.3364	0.3752	0.3513	0.2895	0.2898	0.2407	0.1827
13.1008	13:06:03	0.4046	0.5714	0.3988	0.5735	0.3678	0.4882	0.2981	0.2914	0.5127	0.3401	0.3738	0.3510	0.2893	0.2892	0.2401	0.1818
13.1514	13:09:05	0.4036	0.5716	0.3974	0.5756	0.3700	0.4868	0.2968	0.2904	0.5115	0.3397	0.3770	0.3532	0.2872	0.2862	0.2395	0.1782
13.2019	13:12:07	0.4052	0.5705	0.3988	0.5768	0.3688	0.4908	0.2963	0.2899	0.5112	0.3377	0.3768	0.3511	0.2906	0.2885	0.2400	0.1825
13.2525	13:15:09	0.4053	0.5707	0.3978	0.5759	0.3697	0.4907	0.2956	0.2884	0.5115	0.3383	0.3782	0.3516	0.2897	0.2913	0.2404	0.1807
13.3031	13:18:11	0.4072	0.5719	0.4004	0.5762	0.3704	0.4899	0.2968	0.2904	0.5129	0.3378	0.3760	0.3472	0.2887	0.2878	0.2402	0.1815
13.3536	13:21:13	0.4075	0.5717	0.4018	0.5743	0.3728	0.4877	0.2980	0.2905	0.5115	0.3418	0.3788	0.3481	0.2903	0.2887	0.2403	0.1804
13.4042	13:24:15	0.4091	0.5705	0.4012	0.5772	0.3702	0.4905	0.2958	0.2899	0.5145	0.3407	0.3784	0.3486	0.2914	0.2893	0.2415	0.1818
13.4547	13:27:17	0.4083	0.5716	0.4032	0.5761	0.3748	0.4909	0.2973	0.2892	0.5154	0.3411	0.3775	0.3484	0.2907	0.2907	0.2405	0.1824
13.5053	13:30:19	0.4089	0.5713	0.4024	0.5744	0.3744	0.4886	0.2964	0.2882	0.5146	0.3427	0.3770	0.3467	0.2906	0.2882	0.2396	0.1816
13.5558	13:33:21	0.4087	0.5700	0.4018	0.5767	0.3749	0.4904	0.2930	0.2881	0.5130	0.3433	0.3816	0.3459	0.2907	0.2904	0.2426	0.1805
13.6064	13:36:23	0.4095	0.5719	0.4036	0.5742	0.3741	0.4906	0.2954	0.2911	0.5149	0.3429	0.3781	0.3431	0.2929	0.2876	0.2413	0.1811
13.6569	13:39:25	0.4101	0.5699	0.4016	0.5779	0.3765	0.4910	0.2932	0.2850	0.5128	0.3421	0.3811	0.3462	0.2907	0.2901	0.2425	0.1794
13.7075	13:42:27	0.4119	0.5712	0.4055	0.5757	0.3748	0.4911	0.2946	0.2904	0.5139	0.3428	0.3807	0.3419	0.2931	0.2908	0.2410	0.1809
13.7581	13:45:29	0.4110	0.5689	0.4034	0.5781	0.3784	0.4903	0.2929	0.2858	0.5140	0.3451	0.3829	0.3455	0.2924	0.2925	0.2417	0.1785
13.8086	13:48:31	0.4124	0.5721	0.4057	0.5748	0.3757	0.4915	0.2951	0.2900	0.5177	0.3441	0.3788	0.3399	0.2941	0.2914	0.2413	0.1814
13.8592	13:51:33	0.4123	0.5728	0.4048	0.5759	0.3777	0.4911	0.2937	0.2887	0.5163	0.3439	0.3807	0.3428	0.2947	0.2908	0.2404	0.1802
13.9097	13:54:35	0.4142	0.5721	0.4064	0.5743	0.3791	0.4887	0.2955	0.2887	0.5166	0.3441	0.3832	0.3414	0.2941	0.2896	0.2410	0.1788
13.9603	13:57:37	0.4128	0.5717	0.4062	0.5770	0.3780	0.4904	0.2948	0.2881	0.5179	0.3440	0.3825	0.3413	0.2964	0.2901	0.2405	0.1807
14.0108	14:00:39	0.4136	0.5700	0.4050	0.5786	0.3797	0.4907	0.2918	0.2885	0.5158	0.3446	0.3854	0.3430	0.2944	0.2893	0.2434	0.1785
14.0614	14:03:41	0.4128	0.5699	0.4053	0.5775	0.3817	0.4915	0.2928	0.2865	0.5155	0.3433	0.3857	0.3426	0.2942	0.2908	0.2416	0.1785
14.1119	14:06:43	0.4157	0.5720	0.4068	0.5767	0.3787	0.4910	0.2953	0.2874	0.5181	0.3458	0.3837	0.3395	0.2957	0.2913	0.2422	0.1806
14.1625	14:09:45	0.4161	0.5720	0.4088	0.5758	0.3790	0.4909	0.2956	0.2864	0.5186	0.3470	0.3832	0.3400	0.2961	0.2922	0.2415	0.1810
14.2131	14:12:47	0.4170	0.5719	0.4085	0.5774	0.3813	0.4933	0.2958	0.2897	0.5188	0.3461	0.3860	0.3399	0.2964	0.2912	0.2422	0.1824
14.2636	14:15:49	0.4149	0.5723	0.4097	0.5760	0.3845	0.4910	0.2951	0.2869	0.5187	0.3486	0.3863	0.3423	0.2957	0.2911	0.2391	0.1789
14.3142	14:18:51	0.4156	0.5696	0.4073	0.5783	0.3837	0.4907	0.2911	0.2843	0.5163	0.3483	0.3884	0.3426	0.2964	0.2893	0.2408	0.1779
14.3647	14:21:53	0.4174	0.5702	0.4097	0.5786	0.3829	0.4936	0.2942	0.2871	0.5199	0.3469	0.3871	0.3412	0.2998	0.2888	0.2423	0.1797
14.4153	14:24:55	0.4182	0.5727	0.4117	0.5760	0.3831	0.4940	0.2958	0.2902	0.5191	0.3464	0.3871	0.3384	0.3005	0.2918	0.2410	0.1818
14.4658	14:27:57	0.4169	0.5709	0.4083	0.5777	0.3854	0.4906	0.2950	0.2857	0.5163	0.3463	0.3882	0.3428	0.2972	0.2873	0.2405	0.1782
14.5164	14:30:59	0.4186	0.5706	0.4077	0.5784	0.3857	0.4913	0.2918	0.2845	0.5162	0.3472	0.3903	0.3425	0.2978	0.2879	0.2416	0.1785
14.5669	14:34:01	0.4182	0.5710	0.4106	0.5791	0.3847	0.4929	0.2934	0.2880	0.5200	0.3459	0.3900	0.3437	0.2991	0.2875	0.2420	0.1794
14.6175	14:37:03	0.4209	0.5720	0.4127	0.5763	0.3837	0.4923	0.2943	0.2898	0.5216	0.3471	0.3881	0.3400	0.2996	0.2899	0.2417	0.1806
14.6681	14:40:05	0.4208	0.5722	0.4140	0.5771	0.3843	0.4911	0.2959	0.2882	0.5204	0.3492	0.3879	0.3411	0.3009	0.2905	0.2406	0.1797
14.7186	14:43:07	0.4182	0.5718	0.4123	0.5794	0.3877	0.4904	0.2920	0.2869	0.5183	0.3468	0.3906	0.3418	0.2992	0.2884	0.2394	0.1770
14.7692	14:46:09	0.4195	0.5703	0.4106	0.5781	0.3885	0.4907	0.2916	0.2847	0.5186	0.3485	0.3923	0.3413	0.3001	0.2869	0.2413	0.1770
14.8197	14:49:11	0.4193	0.5723	0.4129	0.5755	0.3881	0.4918	0.2918	0.2888	0.5218	0.3509	0.3914	0.3415	0.3019	0.2880	0.2401	0.1785
14.8703	14:52:13	0.4211	0.5734	0.4150	0.5770	0.3878	0.4927	0.2931	0.2885	0.5216	0.3496	0.3905	0.3412	0.3033	0.2909	0.2374	0.1794
14.9208	14:55:15	0.4198	0.5736	0.4142	0.5770	0.3897	0.4904	0.2925	0.2886	0.5209	0.3503	0.3909	0.3441	0.3009	0.2871	0.2367	0.1783
14.9714	14:58:17	0.4205	0.5730	0.4153	0.5787	0.3867	0.4946	0.2921	0.2888	0.5240	0.3496	0.3928	0.3419	0.3033	0.2867	0.2388	0.1807
15.0219	15:01:19	0.4210	0.5715	0.4143	0.5796	0.3893	0.4942	0.2924	0.2883	0.5203	0.3490	0.3921	0.3436	0.3026	0.2862	0.2394	0.1791
15.0725	15:04:21	0.4220	0.5713	0.4142	0.5786	0.3889	0.4933	0.2896	0.2847	0.5204	0.3498	0.3941	0.3443	0.3027	0.2865	0.2419	0.1783
15.1231	15:07:23	0.4226	0.5722	0.4134	0.5774	0.3916	0.4914	0.2907	0.2841	0.5192	0.3537	0.3948	0.3435	0.3026	0.2852	0.2380	0.1777
15.1736	15:10:25	0.4222	0.5707	0.4154	0.5790	0.3907	0.4936	0.2906	0.2860	0.5219	0.3495	0.3944	0.3435	0.3039	0.2867	0.2410	0.1798
15.2242	15:13:27	0.4224	0.5725	0.4158	0.5762	0.3934	0.4907	0.2927	0.2857	0.5217	0.3540	0.3942	0.3435	0.3029	0.2852	0.2407	0.1779
15.2747	15:16:29	0.4227	0.5728	0.4139	0.5800	0.3921	0.4921	0.2913	0.2840	0.5222	0.3523	0.3957	0.3435	0.3036	0.2841	0.2394	0.1772
15.3253	15:19:31	0.4245	0.5728	0.4183	0.5798	0.3910	0.4941	0.2914	0.2846	0.5240	0.3519	0.3961	0.3428	0.3049	0.2872	0.2390	0.1780
15.3758	15:22:33	0.4239	0.5726	0.4134	0.5790	0.3924	0.4943	0.2902	0.2883	0.5232	0.3511	0.3946	0.3416	0.3053	0.2865	0.2399	0.1795
15.4264	15:25:35	0.4250	0.5747	0.4171	0.5782	0.3909	0.4929	0.2926	0.2875	0.5235	0.3543	0.3937	0.3407	0.3064	0.2882	0.2383	0.1792
15.4769	15:28:37	0.4259	0.5730	0.4168	0.5795	0.3924	0.4954	0.2903	0.2862	0.5228	0.3513	0.3967	0.3443	0.3069	0.2857	0.2402	0.1804
15.5275	15:31:39	0.4242	0.5720	0.4145	0.5790	0.3943	0.4923	0.2913	0.2845	0.5209	0.3560	0.3987	0.3436	0.3048	0.2847	0.2381	0.1774
15.5781	15:34:41	0.4261	0.5742	0.4175	0.5792	0.3931	0.4935	0.2926	0.2874	0.5271	0.3549	0.3952	0.3413	0.3080	0.2865	0.2386	0.1805
15.6286	15:37:43	0.4252	0.5727	0.4161	0.5793	0.3952	0.4929	0.2896	0.2841	0.5236	0.3555	0.3994	0.3457	0.3053	0.2832	0.2377	0.1772
15.6792	15:40:45	0.4262	0.5734	0.4181	0.5806	0.3963	0.4943	0.2897	0.2847	0.5231	0.3532	0.3993	0.3446	0.3076	0.2842	0.2381	0.1780
15.7297	15:43:47	0.4273	0.5735	0.4192	0.5797	0.3945	0.4942	0.2929	0.2871	0.5259	0.3554	0.3979	0.3443	0.3083	0.2854	0.2362	0.1792
15.7803	15:46:49	0.4273	0.5735	0.4184	0.5791	0.3942	0.4940	0.2923	0.2854	0.5249	0.3538	0.3980	0.3423	0.3099	0.2856	0.2379	0.1796
15.8308	15:49:51	0.4254	0.5731	0.4171	0.5803	0.3962	0.4924	0.2896	0.2826	0.5226	0.3566	0.4001	0.3467	0.3078	0.2835	0.2372	0.1777
15.8814	15:52:53	0.4270	0.5753	0.4199	0.5785	0.3928	0.4935	0.2926	0.2858	0.5272	0.3562	0.3984	0.3426	0.3094	0.2850	0.2354	0.1809
15.9319	15:55:55	0.4274	0.5749	0.4201	0.5791	0.3962	0.4937	0.2920	0.2857	0.5252	0.3591	0.3974	0.3413	0.3096	0.2849	0.2342	0.1792
15.9825	15:58:57	0.4253	0.5742	0.4175	0.5786	0.3987	0.4927	0.2917	0.2840	0.5237	0.3603	0.3996	0.3451	0.3093	0.2834	0.2332	0.1772
16.0331	16:01:59	0.4264	0.5736	0.4187	0.5796	0.3964	0.4953	0.2900	0.2854	0.5255	0.3561	0.4005	0.3452	0.3098	0.2848	0.2367	0.1795
16.0836	16:05:01	0.4275	0.5751	0.4205	0.5779	0.3966	0.4931	0.2913	0.2853	0.5266	0.3586	0.3985	0.3464	0.3108	0.2859	0.2346	0.1799
16.1342	16:08:03	0.4263	0.5739	0.4191	0.5795	0.3982	0.4915	0.2917	0.2822	0.5248	0.3581	0.4017	0.3501	0.3093	0.2836	0.2362	0.1776
16.1847	16:11:05	0.4277	0.5752	0.4220	0.5782	0.3989	0.4910	0.2906	0.2828	0.5251	0.3590	0.3989	0.3453	0.3108	0.2830	0.2366	0.1786
16.2353	16:14:07	0.4290	0.5750	0.4218	0.5808	0.3982	0.4947	0.2900	0.2840	0.5269	0.3533	0.4011	0.3466	0.3112	0.2847	0.2364	0.1807
16.2858	16:17:09	0.4296	0.5765	0.4224	0.5791	0.3972	0.4937	0.2913	0.2857	0.5276	0.3579	0.3999	0.3444	0.3115	0.2851	0.2342	0.1798
16.3364	16:20:11	0.4299	0.5766	0.4225	0.5796	0.3982	0.4928	0.2922	0.2842	0.5264	0.3594	0.3999	0.3449	0.3117	0.2865	0.2345	0.1797
16.3869	16:23:13	0.4278	0.5751	0.4213	0.5789	0.3992	0.4924	0.2911	0.2833	0.5268	0.3581	0.4009	0.3470	0.3126	0.2839	0.2360	0.1779
16.4375	16:26:15	0.4276	0.5739	0.4225	0.5804	0.4002	0.4939	0.2879	0.2829	0.5263	0.3567	0.4047	0.3475	0.3138	0.2838	0.2365	0.1782
16.4881	16:29:17	0.4294	0.5745	0.4231	0.5805	0.3995	0.4951	0.2904	0.2840	0.5282	0.3576	0.4021	0.3456	0.3151	0.2839	0.2376	0.1795
16.5386	16:32:19	0.4282	0.5749	0.4216	0.5814	0.4028	0.4922	0.2905	0.2828	0.5272	0.3597	0.4049	0.3487	0.3137	0.2829	0.2373	0.1769
16.5892	16:35:21	0.4293	0.5764	0.4242	0.5803	0.4008	0.4924	0.2919	0.2836	0.5281	0.3599	0.4002	0.3454	0.3140	0.2861	0.2355	0.1794
16.6397	16:38:23	0.4272	0.5740	0.4226	0.5807	0.4020	0.4905	0.2926	0.2810	0.5277	0.3589	0.4035	0.3501	0.3133	0.2840	0.2369	0.1766
16.6903	16:41:25	0.4279	0.5732	0.4213	0.5812	0.4036	0.4930	0.2916	0.2804	0.5231	0.3607	0.4051	0.3493	0.3142	0.2831	0.2367	0.1778
16.7408	16:44:27	0.4290	0.5768	0.4243	0.5805	0.4016	0.4944	0.2923	0.2858	0.5286	0.3610	0.4026	0.3467	0.3152	0.2847	0.2350	0.1795
16.7914	16:47:29	0.4287	0.5752	0.4222	0.5811	0.4030	0.4930	0.2899	0.2828	0.5270	0.3617	0.4029	0.3499	0.3141	0.2845	0.2369	0.1758
16.8419	16:50:31	0.4299	0.5745	0.4231	0.5818	0.4033	0.4930	0.2881	0.2802	0.5259	0.3603	0.4064	0.3492	0.3148	0.2832	0.2397	0.1761
16.8925	16:53:33	0.4295	0.5754	0.4238	0.5807	0.4036	0.4920	0.2908	0.2802	0.5270	0.3593	0.4035	0.3496	0.3164	0.2867	0.2368	0.1774
16.9431	16:56:35	0.4295	0.5746	0.4237	0.5804	0.4049	0.4929	0.2905	0.2804	0.5255	0.3619	0.4072	0.3500	0.3155	0.2843	0.2390	0.1777
16.9936	16:59:37	0.4284	0.5742	0.4240	0.5815	0.4055	0.4923	0.2892	0.2800	0.5259	0.3618	0.4080	0.3516	0.3144	0.2852	0.2410	0.1779
17.0442	17:02:39	0.4288	0.5741	0.4221	0.5824	0.4037	0.4949	0.2881	0.2820	0.5257	0.3603	0.4083	0.3495	0.3153	0.2852	0.2389	0.1782
17.0947	17:05:41	0.4291	0.5755	0.4238	0.5822	0.4055	0.4917	0.2882	0.2784	0.5256	0.3603	0.4067	0.3525	0.3156	0.2841	0.2387	0.1779
17.1453	17:08:43	0.4307	0.5759	0.4246	0.5814	0.4025	0.4958	0.2891	0.2798	0.5289	0.3598	0.4070	0.3476	0.3165	0.2840	0.2414	0.1798
17.1958	17:11:45	0.4300	0.5751	0.4230	0.5822	0.4063	0.4929	0.2905	0.2784	0.5261	0.3616	0.4083	0.3499	0.3168	0.2832	0.2378	0.1779
17.2464	17:14:47	0.4310	0.5775	0.4255	0.5790	0.4040	0.4946	0.2901	0.2824	0.5299	0.3626	0.4046	0.3486	0.3190	0.2855	0.2373	0.1794
17.2969	17:17:49	0.4300	0.5771	0.4265	0.5802	0.4055	0.4930	0.2912	0.2811	0.5309	0.3627	0.4039	0.3473	0.3193	0.2845	0.2371	0.1807
17.3475	17:20:51	0.4322	0.5763	0.4278	0.5805	0.4029	0.4948	0.2913	0.2832	0.5311	0.3637	0.4049	0.3501	0.3190	0.2857	0.2365	0.1810
17.3981	17:23:53	0.4320	0.5780	0.4266	0.5806	0.4053	0.4961	0.2907	0.2831	0.5287	0.3632	0.4076	0.3470	0.3202	0.2856	0.2374	0.1811
17.4486	17:26:55	0.4310	0.5765	0.4266	0.5808	0.4056	0.4956	0.2897	0.2823	0.5286	0.3609	0.4074	0.3484	0.3194	0.2852	0.2370	0.1807
17.4992	17:29:57	0.4294	0.5757	0.4239	0.5810	0.4091	0.4925	0.2895	0.2804	0.5280	0.3624	0.4081	0.3519	0.3183	0.2835	0.2360	0.1791
17.5497	17:32:59	0.4289	0.5745	0.4254	0.5804	0.4075	0.4937	0.2902	0.2788	0.5291	0.3638	0.4093	0.3518	0.3182	0.2836	0.2363	0.1770
17.6003	17:36:01	0.4315	0.5776	0.4283	0.5800	0.4049	0.4949	0.2901	0.2820	0.5295	0.3640	0.4080	0.3477	0.3204	0.2849	0.2369	0.1798
17.6508	17:39:03	0.4304	0.5758	0.4252	0.5822	0.4063	0.4951	0.2879	0.2788	0.5301	0.3620	0.4113	0.3496	0.3199	0.2844	0.2385	0.1791
17.7014	17:42:05	0.4310	0.5783	0.4273	0.5796	0.4062	0.4939	0.2919	0.2818	0.5299	0.3645	0.4089	0.3520	0.3210	0.2805	0.2376	0.1787
17.7519	17:45:07	0.4286	0.5763	0.4266	0.5810	0.4077	0.4905	0.2896	0.2782	0.5285	0.3638	0.4096	0.3520	0.3209	0.2745	0.2388	0.1783
17.8025	17:48:09	0.4319	0.5779	0.4277	0.5796	0.4055	0.4945	0.2898	0.2809	0.5316	0.3637	0.4080	0.3510	0.3210	0.2766	0.2389	0.1810
17.8531	17:51:11	0.4312	0.5785	0.4286	0.5799	0.4051	0.4952	0.2898	0.2798	0.5301	0.3639	0.4089	0.3502	0.3226	0.2772	0.2388	0.1810
17.9036	17:54:13	0.4320	0.5780	0.4283	0.5809	0.4060	0.4953	0.2908	0.2797	0.5320	0.3633	0.4080	0.3506	0.3229	0.2761	0.2392	0.1795
17.9542	17:57:15	0.4303	0.5779	0.4276	0.5819	0.4073	0.4952	0.2895	0.2808	0.5297	0.3630	0.4099	0.3506	0.3236	0.2778	0.2393	0.1803
18.0047	18:00:17	0.4315	0.5777	0.4284	0.5822	0.4069	0.4971	0.2889	0.2810	0.5315	0.3633	0.4095	0.3514	0.3233	0.2785	0.2401	0.1807
18.0553	18:03:19	0.4320	0.5774	0.4280	0.5815	0.4059	0.4960	0.2894	0.2807	0.5303	0.3616	0.4090	0.3509	0.3244	0.2773	0.2390	0.1810
18.1058	18:06:21	0.4306	0.5783	0.4296	0.5803	0.4087	0.4937	0.2888	0.2783	0.5310	0.3657	0.4110	0.3517	0.3228	0.2760	0.2395	0.1779
18.1564	18:09:23	0.4298	0.5786	0.4283	0.5812	0.4085	0.4935	0.2917	0.2796	0.5310	0.3675	0.4094	0.3516	0.3235	0.2797	0.2388	0.1796
18.2069	18:12:25	0.4303	0.5764	0.4250	0.5814	0.4102	0.4927	0.2869	0.2781	0.5282	0.3662	0.4126	0.3537	0.3233	0.2774	0.2401	0.1777
18.2575	18:15:27	0.4310	0.5775	0.4260	0.5819	0.4079	0.4954	0.2896	0.2783	0.5310	0.3655	0.4110	0.3511	0.3248	0.2762	0.2424	0.1796
18.3081	18:18:29	0.4278	0.5766	0.4260	0.5823	0.4105	0.4943	0.2868	0.2776	0.5302	0.3633	0.4122	0.3528	0.3255	0.2755	0.2429	0.1799
18.3586	18:21:31	0.4293	0.5780	0.4280	0.5813	0.4100	0.4955	0.2894	0.2803	0.5315	0.3627	0.4093	0.3517	0.3265	0.2777	0.2422	0.1815
18.4092	18:24:33	0.4281	0.5773	0.4270	0.5818	0.4101	0.4960	0.2869	0.2776	0.5314	0.3642	0.4129	0.3524	0.3259	0.2792	0.2440	0.1792
18.4597	18:27:35	0.4293	0.5772	0.4274	0.5810	0.4092	0.4946	0.2890	0.2780	0.5326	0.3634	0.4117	0.3499	0.3267	0.2779	0.2425	0.1811
18.5103	18:30:37	0.4262	0.5770	0.4229	0.5812	0.4108	0.4948	0.2867	0.2749	0.5287	0.3657	0.4132	0.3521	0.3243	0.2742	0.2437	0.1798
18.5608	18:33:39	0.4275	0.5756	0.4245	0.5823	0.4117	0.4957	0.2882	0.2769	0.5303	0.3668	0.4133	0.3523	0.3256	0.2752	0.2432	0.1778
18.6114	18:36:41	0.4287	0.5773	0.4256	0.5816	0.4100	0.4963	0.2886	0.2776	0.5320	0.3647	0.4122	0.3518	0.3277	0.2782	0.2448	0.1806
18.6619	18:39:43	0.4296	0.5790	0.4263	0.5788	0.4096	0.4934	0.2902	0.2775	0.5321	0.3674	0.4096	0.3516	0.3274	0.2793	0.2419	0.1795
18.7125	18:42:45	0.4273	0.5779	0.4247	0.5824	0.4102	0.4957	0.2880	0.2743	0.5314	0.3643	0.4134	0.3534	0.3266	0.2774	0.2434	0.1800
18.7631	18:45:47	0.4276	0.5781	0.4260	0.5796	0.4116	0.4930	0.2903	0.2760	0.5327	0.3686	0.4099	0.3525	0.3267	0.2774	0.2413	0.1793
18.8136	18:48:49	0.4274	0.5762	0.4239	0.5805	0.4127	0.4929	0.2877	0.2723	0.5308	0.3674	0.4132	0.3523	0.3266	0.2776	0.2427	0.1793
18.8642	18:51:51	0.4284	0.5797	0.4261	0.5803	0.4113	0.4943	0.2903	0.2773	0.5333	0.3675	0.4109	0.3508	0.3298	0.2792	0.2430	0.1793
18.9147	18:54:53	0.4300	0.5792	0.4256	0.5798	0.4099	0.4944	0.2911	0.2764	0.5320	0.3664	0.4100	0.3495	0.3300	0.2776	0.2422	0.1797
18.9653	18:57:55	0.4286	0.5803	0.4250	0.5799	0.4102	0.4936	0.2902	0.2762	0.5320	0.3685	0.4108	0.3490	0.3291	0.2773	0.2414	0.1789
19.0158	19:00:57	0.4290	0.5795	0.4251	0.5802	0.4113	0.4943	0.2889	0.2776	0.5322	0.3696	0.4120	0.3518	0.3293	0.2799	0.2417	0.1802
19.0664	19:03:59	0.4281	0.5774	0.4222	0.5826	0.4129	0.4959	0.2883	0.2715	0.5317	0.3671	0.4142	0.3524	0.3294	0.2781	0.2433	0.1777
19.1169	19:07:01	0.4300	0.5800	0.4261	0.5811	0.4108	0.4927	0.2905	0.2767	0.5320	0.3688	0.4105	0.3491	0.3304	0.2801	0.2419	0.1808
19.1675	19:10:03	0.4294	0.5786	0.4244	0.5809	0.4148	0.4937	0.2876	0.2745	0.5311	0.3704	0.4130	0.3538	0.3296	0.2781	0.2428	0.1773
19.2181	19:13:05	0.4300	0.5795	0.4258	0.5819	0.4103	0.4952	0.2888	0.2762	0.5324	0.3680	0.4147	0.3514	0.3311	0.2786	0.2433	0.1801
19.2686	19:16:07	0.4297	0.5787	0.4248	0.5809	0.4129	0.4936	0.2882	0.2752	0.5318	0.3697	0.4141	0.3538	0.3299	0.2793	0.2426	0.1787
19.3192	19:19:09	0.4284	0.5779	0.4235	0.5816	0.4138	0.4943	0.2853	0.2738	0.5308	0.3693	0.4157	0.3542	0.3294	0.2766	0.2447	0.1775
19.3697	19:22:11	0.4295	0.5783	0.4253	0.5823	0.4124	0.4951	0.2875	0.2740	0.5339	0.3668	0.4154	0.3529	0.3305	0.2796	0.2453	0.1801
19.4203	19:25:13	0.4305	0.5801	0.4263	0.5802	0.4113	0.4942	0.2890	0.2763	0.5335	0.3668	0.4133	0.3517	0.3321	0.2786	0.2429	0.1808
19.4708	19:28:15	0.4302	0.5802	0.4258	0.5814	0.4124	0.4929	0.2886	0.2746	0.5329	0.3685	0.4123	0.3513	0.3326	0.2778	0.2423	0.1797
19.5214	19:31:17	0.4303	0.5788	0.4249	0.5818	0.4133	0.4949	0.2864	0.2738	0.5351	0.3688	0.4164	0.3525	0.3321	0.2776	0.2446	0.1783
19.5719	19:34:19	0.4306	0.5806	0.4277	0.5804	0.4117	0.4953	0.2896	0.2761	0.5337	0.3692	0.4127	0.3507	0.3321	0.2777	0.2425	0.1801
19.6225	19:37:21	0.4291	0.5799	0.4273	0.5813	0.4137	0.4930	0.2883	0.2753	0.5326	0.3712	0.4141	0.3535	0.3324	0.2769	0.2442	0.1784
19.6731	19:40:23	0.4286	0.5799	0.4266	0.5812	0.4135	0.4931	0.2899	0.2754	0.5325	0.3715	0.4134	0.3522	0.3330	0.2793	0.2444	0.1787
19.7236	19:43:25	0.4300	0.5806	0.4273	0.5826	0.4117	0.4970	0.2869	0.2757	0.5324	0.3710	0.4148	0.3519	0.3328	0.2793	0.2455	0.1799
19.7742	19:46:27	0.4287	0.5786	0.4270	0.5817	0.4139	0.4922	0.2868	0.2740	0.5306	0.3708	0.4149	0.3549	0.3318	0.2776	0.2442	0.1784
19.8247	19:49:29	0.4298	0.5791	0.4252	0.5826	0.4147	0.4958	0.2866	0.2720	0.5314	0.3689	0.4153	0.3550	0.3331	0.2770	0.2463	0.1787
19.8753	19:52:31	0.4280	0.5798	0.4266	0.5819	0.4161	0.4925	0.2874	0.2730	0.5308	0.3704	0.4163	0.3532	0.3329	0.2753	0.2434	0.1777
19.9258	19:55:33	0.4292	0.5801	0.4257	0.5816	0.4137	0.4938	0.2859	0.2742	0.5332	0.3719	0.4139	0.3550	0.3339	0.2793	0.2429	0.1772
19.9764	19:58:35	0.4297	0.5787	0.4256	0.5833	0.4157	0.4952	0.2844	0.2721	0.5317	0.3709	0.4186	0.3552	0.3333	0.2770	0.2454	0.1782
20.0269	20:01:37	0.4293	0.5790	0.4253	0.5820	0.4152	0.4965	0.2844	0.2726	0.5340	0.3700	0.4162	0.3537	0.3342	0.2772	0.2449	0.1778
20.0775	20:04:39	0.4289	0.5785	0.4247	0.5828	0.4144	0.4947	0.2841	0.2710	0.5310	0.3718	0.4181	0.3550	0.3341	0.2764	0.2462	0.1794
20.1281	20:07:41	0.4300	0.5799	0.4278	0.5820	0.4125	0.4956	0.2849	0.2743	0.5337	0.3698	0.4154	0.3521	0.3355	0.2783	0.2448	0.1800
20.1786	20:10:43	0.4278	0.5789	0.4263	0.5828	0.4171	0.4939	0.2848	0.2702	0.5305	0.3720	0.4168	0.3567	0.3347	0.2769	0.2434	0.1788
20.2292	20:13:45	0.4295	0.5806	0.4277	0.5802	0.4160	0.4930	0.2849	0.2744	0.5340	0.3729	0.4144	0.3543	0.3359	0.2771	0.2424	0.1786
20.2797	20:16:47	0.4279	0.5788	0.4259	0.5838	0.4189	0.4931	0.2842	0.2717	0.5304	0.3717	0.4184	0.3583	0.3337	0.2767	0.2436	0.1769
20.3303	20:19:49	0.4280	0.5771	0.4278	0.5824	0.4186	0.4935	0.2842	0.2727	0.5324	0.3720	0.4176	0.3550	0.3331	0.2780	0.2438	0.1776
20.3808	20:22:51	0.4284	0.5788	0.4271	0.5808	0.4163	0.4927	0.2851	0.2715	0.5295	0.3720	0.4169	0.3559	0.3356	0.2758	0.2426	0.1793
20.4314	20:25:53	0.4274	0.5785	0.4266	0.5829	0.4175	0.4953	0.2829	0.2705	0.5322	0.3721	0.4191	0.3560	0.3344	0.2767	0.2446	0.1791
20.4819	20:28:55	0.4273	0.5788	0.4266	0.5836	0.4170	0.4929	0.2839	0.2719	0.5312	0.3732	0.4191	0.3578	0.3353	0.2783	0.2438	0.1785
20.5325	20:31:57	0.4300	0.5801	0.4294	0.5824	0.4133	0.4943	0.2842	0.2726	0.5343	0.3733	0.4154	0.3542	0.3351	0.2794	0.2425	0.1796
20.5831	20:34:59	0.4283	0.5804	0.4264	0.5843	0.4180	0.4971	0.2824	0.2718	0.5320	0.3706	0.4189	0.3559	0.3358	0.2768	0.2448	0.1779
20.6336	20:38:01	0.4284	0.5791	0.4258	0.5842	0.4177	0.4952	0.2830	0.2688	0.5332	0.3734	0.4202	0.3572	0.3344	0.2770	0.2439	0.1793
20.6842	20:41:03	0.4307	0.5805	0.4288	0.5838	0.4138	0.4962	0.2853	0.2732	0.5356	0.3717	0.4168	0.3548	0.3378	0.2766	0.2430	0.1802
20.7347	20:44:05	0.4284	0.5819	0.4283	0.5812	0.4162	0.4946	0.2857	0.2738	0.5346	0.3735	0.4168	0.3554	0.3370	0.2790	0.2420	0.1783
20.7853	20:47:07	0.4282	0.5805	0.4269	0.5858	0.4158	0.4959	0.2803	0.2696	0.5328	0.3716	0.4179	0.3555	0.3354	0.2751	0.2444	0.1783
20.8358	20:50:09	0.4293	0.5808	0.4289	0.5829	0.4147	0.4966	0.2825	0.2738	0.5357	0.3713	0.4172	0.3536	0.3382	0.2782	0.2430	0.1794
20.8864	20:53:11	0.4267	0.5796	0.4270	0.5822	0.4175	0.4927	0.2837	0.2705	0.5327	0.3741	0.4207	0.3562	0.3355	0.2770	0.2416	0.1784
20.9369	20:56:13	0.4294	0.5813	0.4300	0.5814	0.4175	0.4951	0.2850	0.2729	0.5345	0.3728	0.4176	0.3516	0.3374	0.2780	0.2408	0.1786
20.9875	20:59:15	0.4290	0.5791	0.4287	0.5839	0.4166	0.4964	0.2838	0.2700	0.5358	0.3719	0.4199	0.3555	0.3371	0.2743	0.2456	0.1792
21.0381	21:02:17	0.4288	0.5795	0.4282	0.5842	0.4167	0.4956	0.2818	0.2701	0.5353	0.3718	0.4200	0.3547	0.3381	0.2759	0.2433	0.1806
21.0886	21:05:19	0.4287	0.5823	0.4300	0.5816	0.4162	0.4941	0.2843	0.2703	0.5343	0.3743	0.4167	0.3543	0.3379	0.2768	0.2416	0.1803
21.1392	21:08:21	0.4292	0.5811	0.4307	0.5831	0.4166	0.4938	0.2842	0.2712	0.5341	0.3738	0.4178	0.3554	0.3383	0.2779	0.2417	0.1799
21.1897	21:11:23	0.4301	0.5802	0.4304	0.5836	0.4162	0.4950	0.2831	0.2714	0.5347	0.3724	0.4199	0.3533	0.3388	0.2758	0.2427	0.1803
21.2403	21:14:25	0.4271	0.5798	0.4291	0.5827	0.4199	0.4941	0.2863	0.2693	0.5357	0.3742	0.4193	0.3551	0.3385	0.2742	0.2419	0.1783
21.2908	21:17:27	0.4293	0.5812	0.4307	0.5842	0.4179	0.4957	0.2819	0.2677	0.5375	0.3734	0.4212	0.3559	0.3380	0.2748	0.2435	0.1795
21.3414	21:20:29	0.4271	0.5809	0.4276	0.5823	0.4194	0.4932	0.2839	0.2693	0.5321	0.3754	0.4197	0.3578	0.3388	0.2755	0.2429	0.1772
21.3919	21:23:31	0.4291	0.5802	0.4302	0.5855	0.4172	0.4965	0.2830	0.2677	0.5360	0.3720	0.4203	0.3547	0.3386	0.2762	0.2445	0.1790
21.4425	21:26:33	0.4284	0.5799	0.4292	0.5847	0.4193	0.4968	0.2831	0.2690	0.5356	0.3741	0.4216	0.3571	0.3389	0.2748	0.2443	0.1794
21.4931	21:29:35	0.4278	0.5800	0.4281	0.5844	0.4208	0.4931	0.2815	0.2663	0.5343	0.3755	0.4216	0.3567	0.3389	0.2764	0.2436	0.1767
21.5436	21:32:37	0.4278	0.5801	0.4272	0.5842	0.4217	0.4945	0.2833	0.2671	0.5342	0.3761	0.4226	0.3561	0.3397	0.2763	0.2456	0.1781
21.5942	21:35:39	0.4275	0.5800	0.4301	0.5849	0.4203	0.4956	0.2815	0.2674	0.5343	0.3731	0.4220	0.3580	0.3392	0.2749	0.2447	0.1782
21.6447	21:38:41	0.4300	0.5823	0.4316	0.5847	0.4171	0.4975	0.2842	0.2719	0.5364	0.3755	0.4200	0.3542	0.3408	0.2781	0.2440	0.1799
21.6953	21:41:43	0.4297	0.5839	0.4309	0.5849	0.4174	0.4965	0.2839	0.2691	0.5376	0.3741	0.4203	0.3536	0.3422	0.2766	0.2437	0.1787
21.7458	21:44:45	0.4281	0.5807	0.4283	0.5850	0.4201	0.4945	0.2832	0.2682	0.5343	0.3747	0.4222	0.3569	0.3389	0.2742	0.2450	0.1782
21.7964	21:47:47	0.4280	0.5815	0.4292	0.5862	0.4195	0.4957	0.2826	0.2686	0.5340	0.3740	0.4236	0.3552	0.3394	0.2747	0.2464	0.1777
21.8469	21:50:49	0.4296	0.5832	0.4334	0.5837	0.4173	0.4949	0.2845	0.2692	0.5379	0.3761	0.4183	0.3560	0.3410	0.2762	0.2434	0.1795
21.8975	21:53:51	0.4301	0.5830	0.4310	0.5838	0.4174	0.4956	0.2844	0.2692	0.5366	0.3741	0.4211	0.3552	0.3412	0.2774	0.2447	0.1812
21.9481	21:56:53	0.4298	0.5836	0.4330	0.5839	0.4184	0.4951	0.2842	0.2711	0.5377	0.3771	0.4211	0.3533	0.3408	0.2772	0.2437	0.1801
21.9986	21:59:55	0.4286	0.5833	0.4310	0.5855	0.4204	0.4934	0.2840	0.2675	0.5343	0.3774	0.4229	0.3557	0.3407	0.2761	0.2460	0.1784
22.0492	22:02:57	0.4284	0.5827	0.4315	0.5832	0.4216	0.4937	0.2843	0.2683	0.5351	0.3767	0.4211	0.3554	0.3412	0.2763	0.2437	0.1793
22.0997	22:05:59	0.4292	0.5828	0.4309	0.5861	0.4199	0.4981	0.2812	0.2693	0.5383	0.3755	0.4240	0.3561	0.3431	0.2751	0.2467	0.1793
22.1503	22:09:01	0.4295	0.5827	0.4336	0.5851	0.4174	0.4966	0.2822	0.2672	0.5380	0.3737	0.4233	0.3556	0.3416	0.2760	0.2468	0.1813
22.2008	22:12:03	0.4282	0.5826	0.4315	0.5860	0.4212	0.4967	0.2826	0.2669	0.5365	0.3742	0.4237	0.3593	0.3419	0.2756	0.2472	0.1802
22.2514	22:15:05	0.4286	0.5827	0.4312	0.5857	0.4204	0.4980	0.2810	0.2664	0.5373	0.3725	0.4245	0.3555	0.3427	0.2755	0.2478	0.1802
22.3019	22:18:07	0.4277	0.5817	0.4312	0.5861	0.4223	0.4946	0.2820	0.2645	0.5356	0.3767	0.4243	0.3571	0.3422	0.2739	0.2460	0.1786
22.3525	22:21:09	0.4264	0.5829	0.4332	0.5848	0.4223	0.4932	0.2825	0.2674	0.5359	0.3760	0.4241	0.3568	0.3424	0.2757	0.2428	0.1779
22.4031	22:24:11	0.4290	0.5827	0.4332	0.5861	0.4206	0.4959	0.2807	0.2666	0.5370	0.3777	0.4252	0.3564	0.3434	0.2754	0.2468	0.1809
22.4536	22:27:13	0.4295	0.5842	0.4347	0.5848	0.4201	0.4965	0.2826	0.2690	0.5378	0.3762	0.4223	0.3535	0.3434	0.2785	0.2431	0.1811
22.5042	22:30:15	0.4285	0.5839	0.4330	0.5863	0.4212	0.4968	0.2790	0.2669	0.5382	0.3741	0.4255	0.3564	0.3452	0.2764	0.2465	0.1805
22.5547	22:33:17	0.4288	0.5840	0.4326	0.5862	0.4218	0.4964	0.2821	0.2668	0.5398	0.3753	0.4269	0.3587	0.3443	0.2754	0.2450	0.1799
22.6053	22:36:19	0.4288	0.5839	0.4323	0.5853	0.4229	0.4949	0.2802	0.2653	0.5374	0.3772	0.4255	0.3580	0.3440	0.2749	0.2473	0.1796
22.6558	22:39:21	0.4282	0.5840	0.4357	0.5851	0.4209	0.4949	0.2834	0.2684	0.5376	0.3789	0.4226	0.3548	0.3454	0.2766	0.2444	0.1801
22.7064	22:42:23	0.4281	0.5837	0.4338	0.5865	0.4221	0.4972	0.2802	0.2639	0.5375	0.3753	0.4269	0.3586	0.3440	0.2745	0.2453	0.1801
22.7569	22:45:25	0.4277	0.5845	0.4346	0.5851	0.4221	0.4937	0.2837	0.2680	0.5375	0.3780	0.4242	0.3560	0.3446	0.2757	0.2442	0.1815
22.8075	22:48:27	0.4301	0.5857	0.4353	0.5847	0.4226	0.4959	0.2841	0.2688	0.5389	0.3742	0.4243	0.3536	0.3471	0.2772	0.2452	0.1811
22.8581	22:51:29	0.4285	0.5826	0.4320	0.5866	0.4247	0.4953	0.2792	0.2644	0.5374	0.3757	0.4263	0.3571	0.3438	0.2748	0.2459	0.1801
22.9086	22:54:31	0.4280	0.5830	0.4330	0.5867	0.4245	0.4956	0.2804	0.2644	0.5360	0.3770	0.4264	0.3583	0.3452	0.2750	0.2454	0.1795
22.9592	22:57:33	0.4279	0.5829	0.4331	0.5857	0.4248	0.4957	0.2803	0.2662	0.5368	0.3766	0.4257	0.3584	0.3464	0.2752	0.2466	0.1797
23.0097	23:00:35	0.4270	0.5835	0.4343	0.5864	0.4257	0.4933	0.2812	0.2668	0.5357	0.3791	0.4236	0.3575	0.3458	0.2760	0.2432	0.1787
23.0603	23:03:37	0.4298	0.5853	0.4360	0.5873	0.4218	0.4970	0.2801	0.2672	0.5386	0.3762	0.4251	0.3561	0.3473	0.2758	0.2447	0.1795
23.1108	23:06:39	0.4292	0.5837	0.4336	0.5870	0.4242	0.4942	0.2809	0.2639	0.5362	0.3774	0.4268	0.3586	0.3462	0.2752	0.2462	0.1797
23.1614	23:09:41	0.4284	0.5841	0.4372	0.5859	0.4235	0.4948	0.2823	0.2674	0.5389	0.3786	0.4245	0.3579	0.3468	0.2764	0.2459	0.1788
23.2119	23:12:43	0.4283	0.5849	0.4359	0.5862	0.4259	0.4949	0.2825	0.2665	0.5372	0.3787	0.4265	0.3549	0.3483	0.2765	0.2466	0.1793
23.2625	23:15:45	0.4291	0.5844	0.4381	0.5861	0.4241	0.4953	0.2834	0.2653	0.5408	0.3778	0.4249	0.3548	0.3471	0.2754	0.2438	0.1795
23.3131	23:18:47	0.4298	0.5864	0.4372	0.5869	0.4227	0.4954	0.2795	0.2657	0.5381	0.3765	0.4268	0.3560	0.3478	0.2774	0.2477	0.1813
23.3636	23:21:49	0.4306	0.5860	0.4379	0.5868	0.4226	0.4974	0.2817	0.2663	0.5407	0.3785	0.4243	0.3557	0.3484	0.2776	0.2442	0.1819
23.4144	23:24:52	0.4289	0.5858	0.4380	0.5874	0.4224	0.4965	0.2819	0.2656	0.5394	0.3805	0.4255	0.3563	0.3497	0.2765	0.2457	0.1798
23.4642	23:27:51	0.4291	0.5847	0.4360	0.5874	0.4265	0.4952	0.2817	0.2659	0.5371	0.3783	0.4288	0.3587	0.3474	0.2764	0.2457	0.1803
23.5144	23:30:52	0.4288	0.5869	0.4378	0.5858	0.4246	0.4956	0.2816	0.2679	0.5393	0.3793	0.4244	0.3537	0.3497	0.2781	0.2435	0.1811
23.5656	23:33:56	0.4277	0.5838	0.4364	0.5873	0.4266	0.4941	0.2807	0.2635	0.5384	0.3788	0.4271	0.3579	0.3470	0.2754	0.2449	0.1795
23.6158	23:36:57	0.4303	0.5863	0.4377	0.5880	0.4248	0.4974	0.2805	0.2654	0.5402	0.3774	0.4286	0.3567	0.3491	0.2764	0.2467	0.1802
23.6664	23:39:59	0.4294	0.5846	0.4360	0.5888	0.4264	0.4979	0.2784	0.2632	0.5400	0.3788	0.4289	0.3580	0.3482	0.2769	0.2480	0.1803
23.7169	23:43:01	0.4300	0.5867	0.4382	0.5866	0.4242	0.4954	0.2810	0.2668	0.5395	0.3805	0.4264	0.3575	0.3496	0.2762	0.2444	0.1797
23.7675	23:46:03	0.4309	0.5865	0.4390	0.5875	0.4231	0.4965	0.2816	0.2660	0.5403	0.3781	0.4267	0.3559	0.3504	0.2777	0.2456	0.1810
23.8181	23:49:05	0.4306	0.5882	0.4397	0.5880	0.4246	0.4965	0.2827	0.2659	0.5409	0.3793	0.4275	0.3552	0.3504	0.2771	0.2451	0.1805
23.8686	23:52:07	0.4307	0.5886	0.4377	0.5880	0.4253	0.4972	0.2801	0.2652	0.5423	0.3782	0.4289	0.3540	0.3510	0.2768	0.2467	0.1804
23.9192	23:55:09	0.4302	0.5869	0.4402	0.5857	0.4244	0.4961	0.2821	0.2655	0.5407	0.3816	0.4271	0.3572	0.3505	0.2770	0.2435	0.1797
23.9697	23:58:11	0.4290	0.5849	0.4361	0.5899	0.4270	0.4948	0.2795	0.2630	0.5396	0.3814	0.4288	0.3593	0.3493	0.2738	0.2447	0.1783
24.0203	24:01:13	0.4279	0.5854	0.4371	0.5881	0.4276	0.4944	0.2794	0.2647	0.5391	0.3813	0.4287	0.3566	0.3507	0.2753	0.2450	0.1794
24.0708	24:04:15	0.4284	0.5860	0.4372	0.5882	0.4276	0.4948	0.2807	0.2636	0.5393	0.3809	0.4304	0.3585	0.3496	0.2763	0.2448	0.1788
24.1214	24:07:17	0.4287	0.5870	0.4388	0.5870	0.4281	0.4945	0.2807	0.2655	0.5418	0.3804	0.4288	0.3555	0.3505	0.2765	0.2442	0.1795
24.1719	24:10:19	0.4289	0.5856	0.4373	0.5878	0.4284	0.4952	0.2786	0.2643	0.5408	0.3799	0.4298	0.3592	0.3499	0.2736	0.2449	0.1799
24.2225	24:13:21	0.4288	0.5864	0.4377	0.5882	0.4292	0.4945	0.2790	0.2639	0.5398	0.3820	0.4296	0.3575	0.3501	0.2750	0.2449	0.1793
24.2731	24:16:23	0.4313	0.5871	0.4411	0.5869	0.4259	0.4958	0.2802	0.2648	0.5420	0.3796	0.4289	0.3546	0.3520	0.2769	0.2454	0.1817
24.3236	24:19:25	0.4298	0.5866	0.4361	0.5896	0.4283	0.4959	0.2792	0.2623	0.5397	0.3796	0.4306	0.3575	0.3501	0.2741	0.2453	0.1792
24.3742	24:22:27	0.4287	0.5868	0.4403	0.5884	0.4272	0.4959	0.2811	0.2635	0.5385	0.3796	0.4292	0.3574	0.3516	0.2773	0.2437	0.1801
24.4247	24:25:29	0.4310	0.5859	0.4386	0.5896	0.4273	0.4971	0.2786	0.2629	0.5421	0.3808	0.4303	0.3583	0.3512	0.2745	0.2451	0.1800
24.4753	24:28:31	0.4301	0.5869	0.4384	0.5893	0.4283	0.4962	0.2797	0.2608	0.5412	0.3808	0.4334	0.3573	0.3502	0.2747	0.2457	0.1790
24.5258	24:31:33	0.4293	0.5858	0.4389	0.5893	0.4304	0.4962	0.2794	0.2623	0.5404	0.3802	0.4322	0.3587	0.3506	0.2759	0.2447	0.1794
24.5764	24:34:35	0.4300	0.5871	0.4383	0.5899	0.4292	0.4963	0.2769	0.2641	0.5411	0.3789	0.4331	0.3574	0.3505	0.2745	0.2452	0.1804
24.6269	24:37:37	0.4329	0.5887	0.4406	0.5899	0.4272	0.4989	0.2757	0.2636	0.5428	0.3781	0.4317	0.3544	0.3535	0.2755	0.2478	0.1808
24.6775	24:40:39	0.4321	0.5883	0.4417	0.5901	0.4260	0.4984	0.2779	0.2645	0.5441	0.3784	0.4295	0.3538	0.3519	0.2785	0.2461	0.1816
24.7281	24:43:41	0.4294	0.5862	0.4397	0.5900	0.4294	0.4967	0.2794	0.2616	0.5396	0.3811	0.4312	0.3585	0.3525	0.2744	0.2451	0.1783
24.7786	24:46:43	0.4313	0.5888	0.4424	0.5879	0.4271	0.4955	0.2793	0.2662	0.5412	0.3815	0.4289	0.3560	0.3545	0.2764	0.2442	0.1806
24.8292	24:49:45	0.4299	0.5882	0.4409	0.5885	0.4301	0.4962	0.2787	0.2650	0.5424	0.3829	0.4293	0.3574	0.3546	0.2755	0.2444	0.1804
24.8797	24:52:47	0.4309	0.5881	0.4425	0.5893	0.4265	0.4958	0.2793	0.2639	0.5416	0.3822	0.4299	0.3541	0.3536	0.2744	0.2433	0.1804
24.9303	24:55:49	0.4285	0.5874	0.4423	0.5889	0.4285	0.4952	0.2792	0.2633	0.5405	0.3821	0.4311	0.3552	0.3537	0.2746	0.2452	0.1797
24.9808	24:58:51	0.4307	0.5872	0.4399	0.5904	0.4295	0.4961	0.2787	0.2627	0.5396	0.3821	0.4338	0.3588	0.3534	0.2725	0.2466	0.1789
25.0314	25:01:53	0.4294	0.5861	0.4399	0.5911	0.4299	0.4961	0.2780	0.2619	0.5382	0.3815	0.4329	0.3578	0.3525	0.2733	0.2452	0.1798
25.0819	25:04:55	0.4306	0.5883	0.4424	0.5884	0.4299	0.4946	0.2788	0.2654	0.5422	0.3851	0.4289	0.3557	0.3553	0.2747	0.2438	0.1793
25.1325	25:07:57	0.4297	0.5878	0.4434	0.5901	0.4299	0.4967	0.2788	0.2633	0.5414	0.3827	0.4319	0.3575	0.3561	0.2763	0.2438	0.1777
25.1831	25:10:59	0.4307	0.5876	0.4408	0.5906	0.4303	0.4991	0.2777	0.2622	0.5414	0.3808	0.4344	0.3575	0.3551	0.2737	0.2458	0.1793
25.2336	25:14:01	0.4323	0.5877	0.4431	0.5915	0.4297	0.4975	0.2765	0.2630	0.5446	0.3805	0.4329	0.3556	0.3551	0.2743	0.2468	0.1798
25.2842	25:17:03	0.4310	0.5872	0.4405	0.5898	0.4314	0.4986	0.2781	0.2616	0.5402	0.3823	0.4328	0.3580	0.3548	0.2736	0.2443	0.1801
25.3347	25:20:05	0.4316	0.5874	0.4426	0.5903	0.4307	0.4993	0.2757	0.2610	0.5434	0.3843	0.4347	0.3575	0.3547	0.2743	0.2467	0.1792
25.3853	25:23:07	0.4302	0.5875	0.4406	0.5903	0.4322	0.4977	0.2781	0.2611	0.5410	0.3827	0.4348	0.3570	0.3553	0.2740	0.2459	0.1789
25.4358	25:26:09	0.4310	0.5880	0.4439	0.5890	0.4301	0.4953	0.2786	0.2648	0.5408	0.3829	0.4314	0.3551	0.3577	0.2750	0.2452	0.1795
25.4864	25:29:11	0.4308	0.5868	0.4408	0.5902	0.4329	0.4951	0.2761	0.2645	0.5418	0.3830	0.4341	0.3588	0.3565	0.2738	0.2452	0.1778
25.5369	25:32:13	0.4326	0.5878	0.4411	0.5911	0.4309	0.4992	0.2752	0.2614	0.5413	0.3795	0.4331	0.3564	0.3573	0.2754	0.2463	0.1794
25.5875	25:35:15	0.4309	0.5868	0.4426	0.5905	0.4323	0.4975	0.2763	0.2613	0.5409	0.3835	0.4364	0.3588	0.3561	0.2743	0.2466	0.1788
25.6381	25:38:17	0.4315	0.5871	0.4432	0.5914	0.4325	0.4983	0.2767	0.2603	0.5413	0.3824	0.4350	0.3565	0.3562	0.2734	0.2475	0.1795
25.6886	25:41:19	0.4316	0.5888	0.4429	0.5921	0.4308	0.4976	0.2749	0.2613	0.5426	0.3820	0.4353	0.3562	0.3581	0.2740	0.2464	0.1780
25.7392	25:44:21	0.4319	0.5891	0.4431	0.5909	0.4319	0.4985	0.2740	0.2627	0.5425	0.3818	0.4351	0.3566	0.3574	0.2736	0.2468	0.1790
25.7897	25:47:23	0.4327	0.5890	0.4453	0.5906	0.4295	0.4980	0.2760	0.2650	0.5447	0.3823	0.4338	0.3544	0.3581	0.2749	0.2473	0.1802
25.8403	25:50:25	0.4305	0.5876	0.4436	0.5910	0.4321	0.4954	0.2759	0.2616	0.5424	0.3854	0.4378	0.3595	0.3563	0.2726	0.2458	0.1782
25.8908	25:53:27	0.4310	0.5877	0.4432	0.5928	0.4333	0.4997	0.2756	0.2598	0.5435	0.3839	0.4373	0.3588	0.3570	0.2750	0.2468	0.1790
25.9414	25:56:29	0.4302	0.5891	0.4444	0.5901	0.4304	0.4959	0.2777	0.2625	0.5436	0.3844	0.4330	0.3558	0.3578	0.2758	0.2436	0.1790
25.9917	25:59:30	0.4300	0.5873	0.4445	0.5911	0.4333	0.4957	0.2781	0.2640	0.5447	0.3865	0.4362	0.3580	0.3575	0.2743	0.2453	0.1785
26.0422	26:02:32	0.4320	0.5875	0.4440	0.5919	0.4336	0.4984	0.2759	0.2612	0.5427	0.3836	0.4360	0.3592	0.3579	0.2732	0.2467	0.1779
